
 new rotation matrix 
  1.0000  0.0000  0.0000  0.0000  0.0000  0.0000  0.0000  0.0000
  0.0000  1.0000  0.0000  0.0000  0.0000  0.0000  0.0000  0.0000
  0.0000  0.0000  1.0000  0.0000  0.0000  0.0000  0.0000  0.0000
  0.0000  0.0000  0.0000  1.0000  0.0000  0.0000  0.0000  0.0000
  0.0000  0.0000  0.0000  0.0000 -0.7071 -0.0000  0.0000 -0.7071
  0.0000  0.0000  0.0000  0.0000  0.0000  0.7071  0.7071  0.0000
  0.0000  0.0000  0.0000  0.0000  0.7071  0.0000  0.0000 -0.7071
  0.0000  0.0000  0.0000  0.0000  0.0000 -0.7071  0.7071  0.0000

 new rotation matrix 
  0.0000  0.0000  0.0000  0.0000 -0.0000 -0.7071  0.0000 -0.7071
  0.0000  0.0000  0.0000  0.0000  0.7071  0.0000  0.7071  0.0000
  0.0000  0.0000  0.0000  0.0000  0.0000  0.7071  0.0000 -0.7071
  0.0000  0.0000  0.0000  0.0000 -0.7071  0.0000  0.7071  0.0000
  1.0000  0.0000  0.0000  0.0000  0.0000  0.0000  0.0000  0.0000
  0.0000  1.0000  0.0000  0.0000  0.0000  0.0000  0.0000  0.0000
  0.0000  0.0000  1.0000  0.0000  0.0000  0.0000  0.0000  0.0000
  0.0000  0.0000  0.0000  1.0000  0.0000  0.0000  0.0000  0.0000

 hemb after shrinking 
   -0.0050+0.0000j    0.0000+0.0000j   -1.0000+0.0000j    0.0000+0.0000j    0.0000+0.0000j    0.0000+0.0000j    0.0000+0.0000j    0.0000+0.0000j
    0.0000+0.0000j   -0.0050+0.0000j    0.0000+0.0000j   -1.0000+0.0000j    0.0000+0.0000j    0.0000+0.0000j    0.0000+0.0000j    0.0000+0.0000j
   -1.0000+0.0000j    0.0000+0.0000j    0.0000+0.0000j    0.0000+0.0000j    0.7071+0.0000j    0.0000+0.0000j    0.0000+0.0000j    0.7071+0.0000j
    0.0000+0.0000j   -1.0000+0.0000j    0.0000+0.0000j    0.0000+0.0000j    0.0000+0.0000j   -0.7071+0.0000j   -0.7071+0.0000j    0.0000+0.0000j
    0.0000+0.0000j    0.0000+0.0000j    0.7071+0.0000j    0.0000+0.0000j    1.0050+0.0000j    0.0000+0.0000j    0.0000+0.0000j   -0.0000+0.0000j
    0.0000+0.0000j    0.0000+0.0000j    0.0000+0.0000j   -0.7071+0.0000j    0.0000+0.0000j    1.0050+0.0000j   -0.0000+0.0000j    0.0000+0.0000j
    0.0000+0.0000j    0.0000+0.0000j    0.0000+0.0000j   -0.7071+0.0000j    0.0000+0.0000j   -0.0000+0.0000j   -0.9950+0.0000j    0.0000+0.0000j
    0.0000+0.0000j    0.0000+0.0000j    0.7071+0.0000j    0.0000+0.0000j   -0.0000+0.0000j    0.0000+0.0000j    0.0000+0.0000j   -0.9950+0.0000j
Vemb after shrinking: 
 0j 
 Vemb shape: (8, 8, 8, 8)
 hemb after shrinking 
    0.0050+0.0000j    0.0000+0.0000j   -1.0000+0.0000j    0.0000+0.0000j    0.0000+0.0000j   -0.7071+0.0000j    0.0000+0.0000j    0.7071+0.0000j
    0.0000+0.0000j    0.0050+0.0000j    0.0000+0.0000j   -1.0000+0.0000j    0.7071+0.0000j    0.0000+0.0000j   -0.7071+0.0000j    0.0000+0.0000j
   -1.0000+0.0000j    0.0000+0.0000j    0.0050+0.0000j    0.0000+0.0000j    0.0000+0.0000j    0.0000+0.0000j    0.0000+0.0000j    0.0000+0.0000j
    0.0000+0.0000j   -1.0000+0.0000j    0.0000+0.0000j    0.0050+0.0000j    0.0000+0.0000j    0.0000+0.0000j    0.0000+0.0000j    0.0000+0.0000j
    0.0000+0.0000j    0.7071+0.0000j    0.0000+0.0000j    0.0000+0.0000j    0.9975+0.0000j    0.0000+0.0000j   -0.0025+0.0000j    0.0000+0.0000j
   -0.7071+0.0000j    0.0000+0.0000j    0.0000+0.0000j    0.0000+0.0000j    0.0000+0.0000j    0.9975+0.0000j    0.0000+0.0000j   -0.0025+0.0000j
    0.0000+0.0000j   -0.7071+0.0000j    0.0000+0.0000j    0.0000+0.0000j   -0.0025+0.0000j    0.0000+0.0000j   -1.0025+0.0000j    0.0000+0.0000j
    0.7071+0.0000j    0.0000+0.0000j    0.0000+0.0000j    0.0000+0.0000j    0.0000+0.0000j   -0.0025+0.0000j    0.0000+0.0000j   -1.0025+0.0000j
Vemb after shrinking: 
 0j 
 Vemb shape: (8, 8, 8, 8)
 NOevals (U) 
    0.6924+0.0000j    0.0058+0.0000j   -0.1425+0.0000j    0.0177+0.0000j    0.4055+0.0000j   -0.0529+0.0000j   -0.5566+0.0000j   -0.1516+0.0000j
    0.0157+0.0000j   -0.6909+0.0000j    0.0301+0.0000j   -0.1465+0.0000j   -0.4456+0.0000j    0.1896+0.0000j   -0.2152+0.0000j   -0.4682+0.0000j
    0.6831+0.0000j    0.0266+0.0000j    0.1799+0.0000j   -0.0154+0.0000j   -0.1978+0.0000j    0.1995+0.0000j    0.6483+0.0000j   -0.0289+0.0000j
    0.0140+0.0000j   -0.6817+0.0000j    0.0626+0.0000j    0.1766+0.0000j    0.3837+0.0000j    0.0933+0.0000j    0.1140+0.0000j    0.5754+0.0000j
    0.1428+0.0000j    0.0480+0.0000j    0.6873+0.0000j   -0.0699+0.0000j   -0.3686+0.0000j   -0.3402+0.0000j   -0.3364+0.0000j    0.3677+0.0000j
    0.0000+0.0000j   -0.1424+0.0000j    0.0799+0.0000j    0.6880+0.0000j    0.0332+0.0000j   -0.5878+0.0000j    0.1754+0.0000j   -0.3502+0.0000j
   -0.1819+0.0000j    0.0403+0.0000j    0.6785+0.0000j   -0.0704+0.0000j    0.5111+0.0000j    0.2807+0.0000j    0.0519+0.0000j   -0.3967+0.0000j
   -0.0070+0.0000j    0.1816+0.0000j    0.0580+0.0000j    0.6809+0.0000j   -0.2290+0.0000j    0.6105+0.0000j   -0.2531+0.0000j    0.1038+0.0000j

 hemb after shrinking 
   -0.0050+0.0000j    0.0000+0.0000j   -1.0000+0.0000j    0.0000+0.0000j    0.0000+0.0000j    0.0000+0.0000j    0.0000+0.0000j    0.0000+0.0000j
    0.0000+0.0000j   -0.0050+0.0000j    0.0000+0.0000j   -1.0000+0.0000j    0.0000+0.0000j    0.0000+0.0000j    0.0000+0.0000j    0.0000+0.0000j
   -1.0000+0.0000j    0.0000+0.0000j    0.0000+0.0000j    0.0000+0.0000j    0.7071+0.0000j    0.0000+0.0000j    0.0000+0.0000j    0.7071+0.0000j
    0.0000+0.0000j   -1.0000+0.0000j    0.0000+0.0000j    0.0000+0.0000j    0.0000+0.0000j   -0.7071+0.0000j   -0.7071+0.0000j    0.0000+0.0000j
    0.0000+0.0000j    0.0000+0.0000j    0.7071+0.0000j    0.0000+0.0000j    1.0050+0.0000j    0.0000+0.0000j    0.0000+0.0000j   -0.0000+0.0000j
    0.0000+0.0000j    0.0000+0.0000j    0.0000+0.0000j   -0.7071+0.0000j    0.0000+0.0000j    1.0050+0.0000j   -0.0000+0.0000j    0.0000+0.0000j
    0.0000+0.0000j    0.0000+0.0000j    0.0000+0.0000j   -0.7071+0.0000j    0.0000+0.0000j   -0.0000+0.0000j   -0.9950+0.0000j    0.0000+0.0000j
    0.0000+0.0000j    0.0000+0.0000j    0.7071+0.0000j    0.0000+0.0000j   -0.0000+0.0000j    0.0000+0.0000j    0.0000+0.0000j   -0.9950+0.0000j
Vemb after shrinking: 
 0j 
 Vemb shape: (8, 8, 8, 8)
 hemb after shrinking 
    0.0050+0.0000j    0.0000+0.0000j   -1.0000+0.0000j    0.0000+0.0000j    0.0000+0.0000j   -0.7071+0.0000j    0.0000+0.0000j    0.7071+0.0000j
    0.0000+0.0000j    0.0050+0.0000j    0.0000+0.0000j   -1.0000+0.0000j    0.7071+0.0000j    0.0000+0.0000j   -0.7071+0.0000j    0.0000+0.0000j
   -1.0000+0.0000j    0.0000+0.0000j    0.0050+0.0000j    0.0000+0.0000j    0.0000+0.0000j    0.0000+0.0000j    0.0000+0.0000j    0.0000+0.0000j
    0.0000+0.0000j   -1.0000+0.0000j    0.0000+0.0000j    0.0050+0.0000j    0.0000+0.0000j    0.0000+0.0000j    0.0000+0.0000j    0.0000+0.0000j
    0.0000+0.0000j    0.7071+0.0000j    0.0000+0.0000j    0.0000+0.0000j    0.9975+0.0000j    0.0000+0.0000j   -0.0025+0.0000j    0.0000+0.0000j
   -0.7071+0.0000j    0.0000+0.0000j    0.0000+0.0000j    0.0000+0.0000j    0.0000+0.0000j    0.9975+0.0000j    0.0000+0.0000j   -0.0025+0.0000j
    0.0000+0.0000j   -0.7071+0.0000j    0.0000+0.0000j    0.0000+0.0000j   -0.0025+0.0000j    0.0000+0.0000j   -1.0025+0.0000j    0.0000+0.0000j
    0.7071+0.0000j    0.0000+0.0000j    0.0000+0.0000j    0.0000+0.0000j    0.0000+0.0000j   -0.0025+0.0000j    0.0000+0.0000j   -1.0025+0.0000j
Vemb after shrinking: 
 0j 
 Vemb shape: (8, 8, 8, 8)
 generalized Fock matrix 
     -4.49713595e-01      0.00000000e+00     -6.11803399e-01      1.11803399e-01      1.57323314e-01      7.52051976e-17      1.57323314e-01      3.16227766e-01
      0.00000000e+00     -4.49713595e-01     -1.11803399e-01     -3.88196601e-01      7.52051976e-17     -4.75132218e-01     -3.16227766e-01      1.57323314e-01
     -5.02236068e-01      0.00000000e+00     -5.59016994e-01     -1.11803399e-01      1.94648938e-01     -7.52051976e-17     -1.57323314e-01      3.53553391e-01
      0.00000000e+00     -5.02236068e-01      1.11803399e-01     -3.35410197e-01     -7.52051976e-17     -5.12457843e-01     -3.53553391e-01     -1.57323314e-01
      1.58904452e-01      0.00000000e+00      1.95439508e-01      3.42231091e-16     -5.87530624e-02      2.30203706e-31      4.81567911e-16     -1.11803399e-01
      0.00000000e+00      1.58904452e-01     -3.42231091e-16      1.20788258e-01      2.30203706e-31      1.64853735e-01      1.11803399e-01      4.81567911e-16
     -1.57323314e-01      0.00000000e+00      1.58113883e-01     -6.69781157e-01      1.11803399e-01     -4.50532137e-16     -9.42477528e-01      1.11803399e-01
      0.00000000e+00     -1.57323314e-01      6.69781157e-01      1.58113883e-01     -4.50532137e-16     -1.11803399e-01     -1.11803399e-01     -9.42477528e-01
TD of correlated 1RDM: 
     0.00000000000000e+00+0.00000000000000e+00j     0.00000000000000e+00+0.00000000000000e+00j     1.09567330897490e-01+0.00000000000000e+00j    -1.11803398874990e-01+0.00000000000000e+00j     1.58113883008401e-03+0.00000000000000e+00j    -7.52051975584979e-17+0.00000000000000e+00j    -3.14646627186755e-01+0.00000000000000e+00j    -3.16227766016839e-01+0.00000000000000e+00j
     0.00000000000000e+00+0.00000000000000e+00j     0.00000000000000e+00+0.00000000000000e+00j     1.11803398874990e-01+0.00000000000000e+00j    -1.14039466852490e-01+0.00000000000000e+00j    -7.52051975584979e-17+0.00000000000000e+00j     6.34036670863762e-01+0.00000000000000e+00j     3.16227766016839e-01+0.00000000000000e+00j    -3.14646627186755e-01+0.00000000000000e+00j
    -1.09567330897490e-01+0.00000000000000e+00j    -1.11803398874990e-01+0.00000000000000e+00j     0.00000000000000e+00+0.00000000000000e+00j     2.23606797749979e-01+0.00000000000000e+00j     7.90569415041853e-04+0.00000000000000e+00j    -2.67025893045231e-16+0.00000000000000e+00j     3.15437196601796e-01+0.00000000000000e+00j     3.16227766016839e-01+0.00000000000000e+00j
     1.11803398874990e-01+0.00000000000000e+00j     1.14039466852490e-01+0.00000000000000e+00j    -2.23606797749979e-01+0.00000000000000e+00j     0.00000000000000e+00+0.00000000000000e+00j     4.17436288162227e-16+0.00000000000000e+00j     6.33246101448720e-01+0.00000000000000e+00j    -3.16227766016839e-01+0.00000000000000e+00j     3.15437196601797e-01+0.00000000000000e+00j
    -1.58113883008401e-03+0.00000000000000e+00j     7.52051975584979e-17+0.00000000000000e+00j    -7.90569415041853e-04+0.00000000000000e+00j    -4.17436288162227e-16+0.00000000000000e+00j     0.00000000000000e+00+0.00000000000000e+00j     0.00000000000000e+00+0.00000000000000e+00j     1.11803398874989e-01+0.00000000000000e+00j     1.11803398874989e-01+0.00000000000000e+00j
     7.52051975584979e-17+0.00000000000000e+00j    -6.34036670863762e-01+0.00000000000000e+00j     2.67025893045231e-16+0.00000000000000e+00j    -6.33246101448720e-01+0.00000000000000e+00j     0.00000000000000e+00+0.00000000000000e+00j     0.00000000000000e+00+0.00000000000000e+00j    -1.11803398874990e-01+0.00000000000000e+00j    -1.11803398874991e-01+0.00000000000000e+00j
     3.14646627186755e-01+0.00000000000000e+00j    -3.16227766016839e-01+0.00000000000000e+00j    -3.15437196601796e-01+0.00000000000000e+00j     3.16227766016839e-01+0.00000000000000e+00j    -1.11803398874989e-01+0.00000000000000e+00j     1.11803398874990e-01+0.00000000000000e+00j     0.00000000000000e+00+0.00000000000000e+00j    -2.23606797749979e-01+0.00000000000000e+00j
     3.16227766016839e-01+0.00000000000000e+00j     3.14646627186755e-01+0.00000000000000e+00j    -3.16227766016839e-01+0.00000000000000e+00j    -3.15437196601797e-01+0.00000000000000e+00j    -1.11803398874989e-01+0.00000000000000e+00j     1.11803398874991e-01+0.00000000000000e+00j     2.23606797749979e-01+0.00000000000000e+00j     0.00000000000000e+00+0.00000000000000e+00j
