printstep: 0
 NOevals (U) 
      7.99082308e-02     -1.06458215e-01     -6.94464775e-01      1.00210318e-01     -6.62149887e-01     -2.26970085e-01
     -4.03401105e-02      2.30702648e-01     -6.67194847e-01      2.09634223e-01      5.60300984e-01      3.76983156e-01
     -1.03426934e-01      6.89544769e-01     -1.17604768e-01     -6.57200534e-01     -1.00852111e-02     -2.60740764e-01
      2.23795795e-01      6.37993507e-01      2.07074208e-01      6.71126697e-01     -1.28945044e-01     -1.81554765e-01
      6.94922689e-01      1.14868014e-01      6.23521890e-02     -2.40926025e-01     -2.47902836e-01      6.16845876e-01
      6.69543216e-01     -1.99350379e-01     -1.09413477e-01     -7.51162413e-02      4.11626023e-01     -5.70018918e-01

 TD of global density matrix 
      0.00000000e+00      0.00000000e+00      0.00000000e+00      0.00000000e+00      0.00000000e+00      0.00000000e+00
      0.00000000e+00      0.00000000e+00      0.00000000e+00      0.00000000e+00      0.00000000e+00      0.00000000e+00
      0.00000000e+00      0.00000000e+00      0.00000000e+00      0.00000000e+00      0.00000000e+00      0.00000000e+00
      0.00000000e+00      0.00000000e+00      0.00000000e+00      0.00000000e+00      0.00000000e+00      0.00000000e+00
      0.00000000e+00      0.00000000e+00      0.00000000e+00      0.00000000e+00      0.00000000e+00      0.00000000e+00
      0.00000000e+00      0.00000000e+00      0.00000000e+00      0.00000000e+00      0.00000000e+00      0.00000000e+00

 G 
     -8.30008106e-04      2.19840000e-16      1.34495958e-03     -3.29655521e-16     -8.44298641e-04     -1.05806554e-15
      2.19836671e-16     -3.72107740e-05     -1.86849676e-16      2.08524544e-04      1.17287448e-15      3.75748244e-04
      1.34495958e-03     -1.86774122e-16     -2.29147546e-03     -1.15294261e-16      7.40036369e-04     -4.63327582e-16
     -3.29739337e-16      2.08524544e-04     -1.15203933e-16      1.33145442e-03     -7.70169329e-17     -2.10564637e-03
     -8.44298641e-04      1.17285035e-15      7.40036369e-04     -7.70975291e-17      6.21483562e-04      1.58230406e-16
     -1.05803002e-15      3.75748244e-04     -4.63442233e-16     -2.10564637e-03      1.58133709e-16      1.20575635e-03

 TD of NO evals (U dot) 
      0.00000000e+00      0.00000000e+00      0.00000000e+00      0.00000000e+00      0.00000000e+00      0.00000000e+00
      0.00000000e+00      0.00000000e+00      0.00000000e+00      0.00000000e+00      0.00000000e+00      0.00000000e+00
      0.00000000e+00      0.00000000e+00      0.00000000e+00      0.00000000e+00      0.00000000e+00      0.00000000e+00
      0.00000000e+00      0.00000000e+00      0.00000000e+00      0.00000000e+00      0.00000000e+00      0.00000000e+00
      0.00000000e+00      0.00000000e+00      0.00000000e+00      0.00000000e+00      0.00000000e+00      0.00000000e+00
      0.00000000e+00      0.00000000e+00      0.00000000e+00      0.00000000e+00      0.00000000e+00      0.00000000e+00

 TD of mean field density matrix 
      0.00000000e+00      0.00000000e+00      0.00000000e+00      0.00000000e+00      0.00000000e+00      0.00000000e+00
      0.00000000e+00      0.00000000e+00      0.00000000e+00      0.00000000e+00      0.00000000e+00      0.00000000e+00
      0.00000000e+00      0.00000000e+00      0.00000000e+00      0.00000000e+00      0.00000000e+00      0.00000000e+00
      0.00000000e+00      0.00000000e+00      0.00000000e+00      0.00000000e+00      0.00000000e+00      0.00000000e+00
      0.00000000e+00      0.00000000e+00      0.00000000e+00      0.00000000e+00      0.00000000e+00      0.00000000e+00
      0.00000000e+00      0.00000000e+00      0.00000000e+00      0.00000000e+00      0.00000000e+00      0.00000000e+00

 TD of rotmat 
    0.0000-0.0000j    0.0000-0.0000j    0.0000-0.0000j    0.0000-0.0000j    0.0000-0.0000j    0.0000-0.0000j
    0.0000-0.0000j    0.0000-0.0000j    0.0000-0.0000j    0.0000-0.0000j    0.0000-0.0000j    0.0000-0.0000j
    0.0000-0.0000j    0.0000-0.0000j    0.0000+0.0011j    0.0000-0.0025j    0.0000-0.0025j    0.0000+0.0011j
    0.0000-0.0000j    0.0000-0.0000j    0.0000-0.0017j    0.0000-0.0008j    0.0000+0.0008j    0.0000+0.0017j
    0.0000-0.0000j    0.0000-0.0000j    0.0000-0.0008j    0.0000-0.0008j    0.0000-0.0008j    0.0000-0.0008j
    0.0000-0.0000j    0.0000-0.0000j    0.0000+0.0006j    0.0000+0.0028j    0.0000-0.0028j    0.0000-0.0006j

 TD of rotmat 
    0.0000-0.0000j    0.0000-0.0000j    0.0000+0.0028j    0.0000-0.0022j    0.0000-0.0022j    0.0000+0.0028j
    0.0000-0.0000j    0.0000-0.0000j    0.0000-0.0022j    0.0000+0.0028j    0.0000-0.0028j    0.0000+0.0022j
    0.0000-0.0000j    0.0000-0.0000j    0.0000-0.0000j    0.0000-0.0000j    0.0000-0.0000j    0.0000-0.0000j
    0.0000-0.0000j    0.0000-0.0000j    0.0000-0.0000j    0.0000-0.0000j    0.0000-0.0000j    0.0000-0.0000j
    0.0000-0.0000j    0.0000-0.0000j    0.0000-0.0022j    0.0000-0.0028j    0.0000-0.0028j    0.0000-0.0022j
    0.0000-0.0000j    0.0000-0.0000j    0.0000+0.0028j    0.0000+0.0022j    0.0000-0.0022j    0.0000-0.0028j

 TD of rotmat 
    0.0000-0.0000j    0.0000-0.0000j    0.0000+0.0000j    0.0000-0.0011j    0.0000-0.0011j    0.0000+0.0000j
    0.0000-0.0000j    0.0000-0.0000j    0.0000-0.0001j    0.0000+0.0003j    0.0000-0.0003j    0.0000+0.0001j
    0.0000-0.0000j    0.0000-0.0000j    0.0000+0.0000j    0.0000+0.0014j    0.0000+0.0014j    0.0000+0.0000j
    0.0000-0.0000j    0.0000-0.0000j    0.0000+0.0006j    0.0000+0.0018j    0.0000-0.0018j    0.0000-0.0006j
    0.0000-0.0000j    0.0000-0.0000j    0.0000-0.0000j    0.0000-0.0000j    0.0000-0.0000j    0.0000-0.0000j
    0.0000-0.0000j    0.0000-0.0000j    0.0000-0.0000j    0.0000-0.0000j    0.0000-0.0000j    0.0000-0.0000j

 TD of CI 
     0.00000000000000e+00+2.42923109439712e-04j     0.00000000000000e+00-4.50411398300006e-05j     0.00000000000000e+00+4.50411398300001e-05j     0.00000000000000e+00-6.53917180749456e-04j     0.00000000000000e+00-6.53917180749456e-04j     0.00000000000000e+00+2.42489499999934e-04j
     0.00000000000000e+00-4.50411398300006e-05j     0.00000000000000e+00+8.35121311867528e-06j     0.00000000000000e+00-8.35121311867519e-06j     0.00000000000000e+00+1.21244749999968e-04j     0.00000000000000e+00+1.21244749999968e-04j     0.00000000000000e+00-4.49606711193456e-05j
     0.00000000000000e+00+4.50411398300001e-05j     0.00000000000000e+00-8.35121311867519e-06j     0.00000000000000e+00+8.35121311867511e-06j     0.00000000000000e+00-1.21244749999967e-04j     0.00000000000000e+00-1.21244749999966e-04j     0.00000000000000e+00+4.49606711193451e-05j
     0.00000000000000e+00-6.53917180749456e-04j     0.00000000000000e+00+1.21244749999968e-04j     0.00000000000000e+00-1.21244749999967e-04j     0.00000000000000e+00+1.76025796416108e-03j     0.00000000000000e+00+1.76025796416108e-03j     0.00000000000000e+00-6.52748918298535e-04j
     0.00000000000000e+00-6.53917180749456e-04j     0.00000000000000e+00+1.21244749999968e-04j     0.00000000000000e+00-1.21244749999967e-04j     0.00000000000000e+00+1.76025796416108e-03j     0.00000000000000e+00+1.76025796416108e-03j     0.00000000000000e+00-6.52748918298535e-04j
     0.00000000000000e+00+2.42489499999934e-04j     0.00000000000000e+00-4.49606711193456e-05j     0.00000000000000e+00+4.49606711193451e-05j     0.00000000000000e+00-6.52748918298535e-04j     0.00000000000000e+00-6.52748918298535e-04j     0.00000000000000e+00+2.42055890560156e-04j

 TD of CI 
     0.00000000000000e+00+4.84394727212020e-04j     0.00000000000000e+00+1.18919407045275e-04j     0.00000000000000e+00-1.18801563966622e-04j     0.00000000000000e+00+9.86543145398782e-04j     0.00000000000000e+00+9.85565531362806e-04j     0.00000000000000e+00+4.83914716696024e-04j
     0.00000000000000e+00+1.18919407045275e-04j     0.00000000000000e+00+2.91948375519990e-05j     0.00000000000000e+00-2.91659069541817e-05j     0.00000000000000e+00+2.42197363606010e-04j     0.00000000000000e+00+2.41957358348012e-04j     0.00000000000000e+00+1.18801563966622e-04j
     0.00000000000000e+00-1.18801563966622e-04j     0.00000000000000e+00-2.91659069541817e-05j     0.00000000000000e+00+2.91369763563645e-05j     0.00000000000000e+00-2.41957358348012e-04j     0.00000000000000e+00-2.41717353090014e-04j     0.00000000000000e+00-1.18683720887970e-04j
     0.00000000000000e+00+9.86543145398782e-04j     0.00000000000000e+00+2.42197363606010e-04j     0.00000000000000e+00-2.41957358348012e-04j     0.00000000000000e+00+2.00924436839983e-03j     0.00000000000000e+00+2.00725330951364e-03j     0.00000000000000e+00+9.85565531362806e-04j
     0.00000000000000e+00+9.85565531362806e-04j     0.00000000000000e+00+2.41957358348012e-04j     0.00000000000000e+00-2.41717353090014e-04j     0.00000000000000e+00+2.00725330951364e-03j     0.00000000000000e+00+2.00526225062745e-03j     0.00000000000000e+00+9.84587917326830e-04j
     0.00000000000000e+00+4.83914716696024e-04j     0.00000000000000e+00+1.18801563966622e-04j     0.00000000000000e+00-1.18683720887970e-04j     0.00000000000000e+00+9.85565531362806e-04j     0.00000000000000e+00+9.84587917326830e-04j     0.00000000000000e+00+4.83434706180028e-04j

 TD of CI 
     0.00000000000000e+00+2.40511596740316e-04j     0.00000000000000e+00-4.47186228397989e-05j     0.00000000000000e+00+4.47186228397980e-05j     0.00000000000000e+00-6.49234808105855e-04j     0.00000000000000e+00-6.49234808105855e-04j     0.00000000000000e+00+2.41425216696090e-04j
     0.00000000000000e+00-4.47186228397989e-05j     0.00000000000000e+00+8.31455975146130e-06j     0.00000000000000e+00-8.31455975146112e-06j     0.00000000000000e+00+1.20712608348046e-04j     0.00000000000000e+00+1.20712608348046e-04j     0.00000000000000e+00-4.48881713162054e-05j
     0.00000000000000e+00+4.47186228397980e-05j     0.00000000000000e+00-8.31455975146112e-06j     0.00000000000000e+00+8.31455975146095e-06j     0.00000000000000e+00-1.20712608348044e-04j     0.00000000000000e+00-1.20712608348044e-04j     0.00000000000000e+00+4.48881713162045e-05j
     0.00000000000000e+00-6.49234808105855e-04j     0.00000000000000e+00+1.20712608348046e-04j     0.00000000000000e+00-1.20712608348044e-04j     0.00000000000000e+00+1.75253221454423e-03j     0.00000000000000e+00+1.75253221454423e-03j     0.00000000000000e+00-6.51696350200718e-04j
     0.00000000000000e+00-6.49234808105855e-04j     0.00000000000000e+00+1.20712608348046e-04j     0.00000000000000e+00-1.20712608348044e-04j     0.00000000000000e+00+1.75253221454423e-03j     0.00000000000000e+00+1.75253221454423e-03j     0.00000000000000e+00-6.51696350200718e-04j
     0.00000000000000e+00+2.41425216696090e-04j     0.00000000000000e+00-4.48881713162054e-05j     0.00000000000000e+00+4.48881713162045e-05j     0.00000000000000e+00-6.51696350200718e-04j     0.00000000000000e+00-6.51696350200718e-04j     0.00000000000000e+00+2.42338836651864e-04j
printstep: 0
 NOevals (U) 
      7.99082308e-02     -1.06458215e-01     -6.94464775e-01      1.00210318e-01     -6.62149887e-01     -2.26970085e-01
     -4.03401105e-02      2.30702648e-01     -6.67194847e-01      2.09634223e-01      5.60300984e-01      3.76983156e-01
     -1.03426934e-01      6.89544769e-01     -1.17604768e-01     -6.57200534e-01     -1.00852111e-02     -2.60740764e-01
      2.23795795e-01      6.37993507e-01      2.07074208e-01      6.71126697e-01     -1.28945044e-01     -1.81554765e-01
      6.94922689e-01      1.14868014e-01      6.23521890e-02     -2.40926025e-01     -2.47902836e-01      6.16845876e-01
      6.69543216e-01     -1.99350379e-01     -1.09413477e-01     -7.51162413e-02      4.11626023e-01     -5.70018918e-01

 TD of global density matrix 
      4.33680869e-19      2.73824198e-15     -9.69217043e-07      4.83832864e-09      9.69211598e-07     -1.50708538e-08
      2.73824198e-15     -7.03143354e-12     -3.92920892e-15     -1.42426243e-06      4.31428359e-09      2.81202577e-12
     -9.69217043e-07     -3.92920892e-15      3.92424122e-06     -9.81063546e-09     -7.53536945e-07      1.93920129e-08
      4.83832864e-09     -1.42426243e-06     -9.81063546e-09     -1.50706769e-06     -6.04294489e-09      3.14701604e-06
      9.69211598e-07      4.31428359e-09     -7.53536945e-07     -6.04294489e-09     -2.41716854e-06      4.11598750e-15
     -1.50708538e-08      2.81202577e-12      1.93920129e-08      3.14701604e-06      4.11598750e-15     -4.33680869e-19

 G 
     -8.29711782e-04     -6.08659191e-08      1.34503516e-03      2.28738973e-09     -8.44374953e-04      1.78846143e-07
     -6.08659191e-08     -3.74964630e-05      8.71253435e-08      2.08604538e-04     -1.26372692e-07      3.75677333e-04
      1.34503516e-03      8.71253435e-08     -2.29149779e-03     -5.24786439e-08      7.40119912e-04      2.41667854e-09
      2.28738973e-09      2.08604538e-04     -5.24786439e-08      1.33144413e-03      8.70236513e-08     -2.10558408e-03
     -8.44374953e-04     -1.26372692e-07      7.40119912e-04      8.70236513e-08      6.21199052e-04     -6.08109657e-08
      1.78846143e-07      3.75677333e-04      2.41667854e-09     -2.10558408e-03     -6.08109657e-08      1.20606285e-03

 TD of NO evals (U dot) 
      3.83167086e-07     -2.77210196e-07      8.77395108e-08     -2.02314900e-07      1.17479129e-07     -4.28514755e-07
     -1.57935187e-07     -4.54228602e-07     -1.47444649e-07      4.78292192e-07     -9.12046322e-08     -1.30539215e-07
     -4.99506265e-07      1.35896471e-06      8.13700963e-08      1.24886097e-06     -3.97266190e-07      6.37484258e-07
      9.11166772e-07     -9.60248677e-07      1.46742578e-07      7.71245819e-07     -3.46682204e-07      1.03054867e-06
     -7.62203393e-07     -4.52436215e-07     -3.69871962e-07     -5.85142296e-07      1.52921896e-08      7.56585806e-07
      3.51967847e-07      1.00909156e-06      3.29051979e-07     -1.05088811e-06      1.99585236e-07      2.85253543e-07

 TD of mean field density matrix 
      3.50643421e-13     -5.69247237e-13     -9.69209948e-07      4.84350495e-09      9.69215452e-07     -1.50719374e-08
     -5.69247237e-13      7.65277010e-13      1.23533110e-12     -1.42425397e-06      4.31458616e-09     -3.19594915e-12
     -9.69209948e-07      1.23533110e-12      3.92424734e-06     -9.81080582e-09     -7.53545894e-07      1.93865417e-08
      4.84350495e-09     -1.42425397e-06     -9.81080582e-09     -1.50707244e-06     -6.04418296e-09      3.14700930e-06
      9.69215452e-07      4.31458616e-09     -7.53545894e-07     -6.04418296e-09     -2.41717398e-06      9.27141591e-13
     -1.50719374e-08     -3.19594915e-12      1.93865417e-08      3.14700930e-06      9.27141591e-13     -2.03065202e-12

 TD of rotmat 
    0.0000-0.0000j    0.0000-0.0000j    0.0000-0.0000j    0.0000-0.0000j    0.0000-0.0000j    0.0000-0.0000j
    0.0000-0.0000j    0.0000-0.0000j    0.0000-0.0000j    0.0000-0.0000j    0.0000-0.0000j    0.0000-0.0000j
    0.0000-0.0000j    0.0000-0.0000j   -0.0000+0.0011j    0.0000-0.0025j   -0.0000-0.0025j    0.0000+0.0011j
    0.0000-0.0000j    0.0000-0.0000j    0.0000-0.0017j    0.0000-0.0008j    0.0000+0.0008j    0.0000+0.0017j
    0.0000-0.0000j    0.0000-0.0000j    0.0000-0.0008j   -0.0000-0.0008j    0.0000-0.0008j   -0.0000-0.0008j
    0.0000-0.0000j    0.0000-0.0000j    0.0000+0.0006j    0.0000+0.0028j   -0.0000-0.0028j   -0.0000-0.0006j

 TD of rotmat 
    0.0000-0.0000j    0.0000-0.0000j   -0.0000+0.0028j   -0.0000-0.0022j    0.0000-0.0022j    0.0000+0.0028j
    0.0000-0.0000j    0.0000-0.0000j    0.0000-0.0022j    0.0000+0.0028j    0.0000-0.0028j    0.0000+0.0022j
    0.0000-0.0000j    0.0000-0.0000j    0.0000-0.0000j    0.0000-0.0000j    0.0000-0.0000j    0.0000-0.0000j
    0.0000-0.0000j    0.0000-0.0000j    0.0000-0.0000j    0.0000-0.0000j    0.0000-0.0000j    0.0000-0.0000j
    0.0000-0.0000j    0.0000-0.0000j    0.0000-0.0022j   -0.0000-0.0028j    0.0000-0.0028j   -0.0000-0.0022j
    0.0000-0.0000j    0.0000-0.0000j   -0.0000+0.0028j    0.0000+0.0022j    0.0000-0.0022j   -0.0000-0.0028j

 TD of rotmat 
    0.0000-0.0000j    0.0000-0.0000j    0.0000+0.0000j    0.0000-0.0011j   -0.0000-0.0011j   -0.0000+0.0000j
    0.0000-0.0000j    0.0000-0.0000j   -0.0000-0.0001j   -0.0000+0.0003j   -0.0000-0.0003j   -0.0000+0.0001j
    0.0000-0.0000j    0.0000-0.0000j   -0.0000+0.0000j   -0.0000+0.0014j    0.0000+0.0014j    0.0000+0.0000j
    0.0000-0.0000j    0.0000-0.0000j   -0.0000+0.0006j   -0.0000+0.0018j   -0.0000-0.0018j   -0.0000-0.0006j
    0.0000-0.0000j    0.0000-0.0000j    0.0000-0.0000j    0.0000-0.0000j    0.0000-0.0000j    0.0000-0.0000j
    0.0000-0.0000j    0.0000-0.0000j    0.0000-0.0000j    0.0000-0.0000j    0.0000-0.0000j    0.0000-0.0000j

 TD of CI 
    -4.89415934775182e-07+2.42923108564852e-04j     9.06631281048308e-08-4.50411222244637e-05j    -9.06632005725389e-08+4.50411572736020e-05j     1.31626777069979e-06-6.53917178506414e-04j     1.31626777551139e-06-6.53917180637701e-04j    -4.87670312704081e-07+2.42489500000715e-04j
     9.06631281048308e-08-4.50411222244637e-05j    -1.67951002199780e-08+8.35120661429965e-06j     1.67951136566500e-08-8.35121311872632e-06j    -2.43835058367700e-07+1.21244702586223e-04j    -2.43835059259819e-07+1.21244702981795e-04j     9.03394671332768e-08-4.49606536757477e-05j
    -9.06632005725389e-08+4.50411572736020e-05j     1.67951136566500e-08-8.35121311872632e-06j    -1.67951270933221e-08+8.35121962315299e-06j     2.43835253444262e-07-1.21244797018921e-04j     2.43835254336381e-07-1.21244797414493e-04j    -9.03395394738500e-08+4.49606887254287e-05j
     1.31626777069979e-06-6.53917178506414e-04j    -2.43835058367700e-07+1.21244702586223e-04j     2.43835253444262e-07-1.21244797018921e-04j    -3.54005245044310e-06+1.76025795841865e-03j    -3.54005246339507e-06+1.76025796416165e-03j     1.31156878856464e-06-6.52748918410227e-04j
     1.31626777551139e-06-6.53917180637701e-04j    -2.43835059259819e-07+1.21244702981795e-04j     2.43835254336381e-07-1.21244797414493e-04j    -3.54005246339507e-06+1.76025796416165e-03j    -3.54005247634704e-06+1.76025796990465e-03j     1.31156879336748e-06-6.52748920542057e-04j
    -4.87670312704081e-07+2.42489500000715e-04j     9.03394671332768e-08-4.49606536757477e-05j    -9.03395394738501e-08+4.49606887254287e-05j     1.31156878856464e-06-6.52748918410227e-04j     1.31156879336748e-06-6.52748920542057e-04j    -4.85927809292008e-07+2.42055891433453e-04j

 TD of CI 
    -1.22144316147340e-06+4.84394727213530e-04j    -2.99980514389044e-07+1.18919407381578e-04j     2.99304659344238e-07-1.18801563630779e-04j    -2.48793089156320e-06+9.86543144763277e-04j    -2.48367714933892e-06+9.85565532003728e-04j    -1.21962668124636e-06+4.83914716697535e-04j
    -2.99980514389044e-07+1.18919407381578e-04j    -7.36737481015703e-08+2.91948377170333e-05j     7.35078249879457e-08-2.91659069542737e-05j    -6.11023730208839e-07+2.42197364134169e-04j    -6.09979432085519e-07+2.41957359190117e-04j    -2.99534566611064e-07+1.18801564303211e-04j
     2.99304659344238e-07-1.18801563630779e-04j     7.35078249879457e-08-2.91659069542737e-05j    -7.33420465288425e-08+2.91369761912335e-05j     6.09647249160838e-07-2.41957357507418e-04j     6.08604151070257e-07-2.41717352561855e-04j     2.98859300784772e-07-1.18683720551841e-04j
    -2.48793089156320e-06+9.86543144763277e-04j    -6.11023730208839e-07+2.42197364134169e-04j     6.09647249160838e-07-2.41957357507418e-04j    -5.06761201801802e-06+2.00924436580496e-03j    -5.05894862843491e-06+2.00725330951985e-03j    -2.48423135476776e-06+9.85565530728009e-04j
    -2.48367714933892e-06+9.85565532003728e-04j    -6.09979432085519e-07+2.41957359190117e-04j     6.08604151070257e-07-2.41717352561855e-04j    -5.05894862843491e-06+2.00725330951985e-03j    -5.05029519414776e-06+2.00526225322898e-03j    -2.47998250061404e-06+9.84587917967045e-04j
    -1.21962668124636e-06+4.83914716697535e-04j    -2.99534566611064e-07+1.18801564303211e-04j     2.98859300784772e-07-1.18683720551841e-04j    -2.48423135476776e-06+9.85565530728009e-04j    -2.47998250061404e-06+9.84587917967045e-04j    -1.21781260107189e-06+4.83434706181539e-04j

 TD of CI 
    -4.80351534034307e-07+2.40511597362786e-04j     8.94177647247532e-08-4.47186375337438e-05j    -8.94332314613886e-08+4.47186082620273e-05j     1.29841174279680e-06-6.49234810023709e-04j     1.29818638153178e-06-6.49234807868288e-04j    -4.83398949309704e-07+2.41425216697271e-04j
     8.94177647247532e-08-4.47186375337438e-05j    -1.66451398297913e-08+8.31456518398631e-06j     1.66480101077887e-08-8.31455975154241e-06j    -2.41699550125979e-07+1.20712647983376e-04j    -2.41657727856064e-07+1.20712647583311e-04j     8.99845851354909e-08-4.48881858956777e-05j
    -8.94332314613887e-08+4.47186082620273e-05j     1.66480101077887e-08-8.31455975154241e-06j    -1.66508803857861e-08+8.31455431909850e-06j     2.41741221453639e-07-1.20712569113960e-04j     2.41699399183724e-07-1.20712568713894e-04j    -9.00000516553804e-08+4.48881566214342e-05j
     1.29841174279680e-06-6.49234810023709e-04j    -2.41699550125979e-07+1.20712647983376e-04j     2.41741221453639e-07-1.20712569113960e-04j    -3.50965335140943e-06+1.75253222035248e-03j    -3.50904616649052e-06+1.75253221454424e-03j     1.30664096470035e-06-6.51696350438639e-04j
     1.29818638153178e-06-6.49234807868288e-04j    -2.41657727856064e-07+1.20712647583311e-04j     2.41699399183724e-07-1.20712568713894e-04j    -3.50904616649052e-06+1.75253221454424e-03j    -3.50843898157161e-06+1.75253220873600e-03j     1.30641560342040e-06-6.51696348282516e-04j
    -4.83398949309704e-07+2.41425216697271e-04j     8.99845851354909e-08-4.48881858956777e-05j    -9.00000516553804e-08+4.48881566214342e-05j     1.30664096470035e-06-6.51696350438639e-04j     1.30641560342040e-06-6.51696348282517e-04j    -4.86460209860289e-07+2.42338836027035e-04j
printstep: 0
 NOevals (U) 
      7.99082309e-02     -1.06458215e-01     -6.94464775e-01      1.00210318e-01     -6.62149887e-01     -2.26970085e-01
     -4.03401106e-02      2.30702648e-01     -6.67194847e-01      2.09634223e-01      5.60300984e-01      3.76983156e-01
     -1.03426935e-01      6.89544769e-01     -1.17604768e-01     -6.57200534e-01     -1.00852113e-02     -2.60740764e-01
      2.23795796e-01      6.37993506e-01      2.07074208e-01      6.71126697e-01     -1.28945044e-01     -1.81554764e-01
      6.94922689e-01      1.14868014e-01      6.23521888e-02     -2.40926025e-01     -2.47902836e-01      6.16845876e-01
      6.69543216e-01     -1.99350379e-01     -1.09413476e-01     -7.51162418e-02      4.11626023e-01     -5.70018918e-01

 TD of global density matrix 
      1.52284609e-12     -2.50562231e-11     -9.69332825e-07      4.66063225e-09      9.69257549e-07     -1.52973914e-08
     -2.50562231e-11      1.06085612e-11      4.16076003e-11     -1.42423991e-06      4.57521823e-09      3.49713099e-11
     -9.69332825e-07      4.16076003e-11      3.92415277e-06     -9.88113294e-09     -7.53538750e-07      1.91840165e-08
      4.66063225e-09     -1.42423991e-06     -9.88113294e-09     -1.50723415e-06     -6.00103195e-09      3.14688441e-06
      9.69257549e-07      4.57521823e-09     -7.53538750e-07     -6.00103195e-09     -2.41717774e-06     -2.50804781e-11
     -1.52973914e-08      3.49713099e-11      1.91840165e-08      3.14688441e-06     -2.50804781e-11     -3.19458305e-12

 G 
     -8.30304703e-04      6.08655186e-08      1.34488406e-03     -2.28919390e-09     -8.44221925e-04     -1.78850826e-07
      6.08655186e-08     -3.69253697e-05     -8.71245764e-08      2.08443398e-04      1.26374669e-07      3.75819296e-04
      1.34488406e-03     -8.71245764e-08     -2.29145102e-03      5.24761573e-08      7.39952620e-04     -2.40675769e-09
     -2.28919390e-09      2.08443398e-04      5.24761573e-08      1.33146424e-03     -8.70302970e-08     -2.10570713e-03
     -8.44221925e-04      1.26374669e-07      7.39952620e-04     -8.70302970e-08      6.21766241e-04      6.08131982e-08
     -1.78850826e-07      3.75819296e-04     -2.40675769e-09     -2.10570713e-03      6.08131982e-08      1.20545061e-03

 TD of NO evals (U dot) 
      3.83079197e-07     -2.77259558e-07      8.77412635e-08     -2.02296561e-07      1.17502004e-07     -4.28586370e-07
     -1.57834334e-07     -4.54170513e-07     -1.47457191e-07      4.78321449e-07     -9.11789333e-08     -1.30640635e-07
     -4.99552142e-07      1.35894743e-06      8.13770947e-08      1.24888534e-06     -3.97269280e-07      6.37391890e-07
      9.11157969e-07     -9.60291684e-07      1.46780608e-07      7.71247353e-07     -3.46732112e-07      1.03047154e-06
     -7.62182482e-07     -4.52358433e-07     -3.69959839e-07     -5.85164225e-07      1.52122869e-08      7.56515929e-07
      3.51958432e-07      1.00903224e-06      3.29131070e-07     -1.05091069e-06      1.99523017e-07      2.85205909e-07

 TD of mean field density matrix 
     -1.12431390e-11      2.32954796e-12     -9.69273773e-07      4.69717781e-09      9.69190825e-07     -1.52690543e-08
      2.32954796e-12      7.16249134e-11      5.01455885e-11     -1.42421010e-06      4.61793412e-09     -2.04492333e-11
     -9.69273773e-07      5.01455885e-11      3.92421503e-06     -9.91695544e-09     -7.53488679e-07      1.92315254e-08
      4.69717781e-09     -1.42421010e-06     -9.91695544e-09     -1.50715823e-06     -5.98972334e-09      3.14695941e-06
      9.69190825e-07      4.61793412e-09     -7.53488679e-07     -5.98972334e-09     -2.41710215e-06      6.28939643e-13
     -1.52690543e-08     -2.04492333e-11      1.92315254e-08      3.14695941e-06      6.28939643e-13     -1.50336840e-11

 TD of rotmat 
    0.0000-0.0000j    0.0000-0.0000j    0.0000-0.0000j    0.0000-0.0000j    0.0000-0.0000j    0.0000-0.0000j
    0.0000-0.0000j    0.0000-0.0000j    0.0000-0.0000j    0.0000-0.0000j    0.0000-0.0000j    0.0000-0.0000j
    0.0000-0.0000j    0.0000-0.0000j   -0.0000+0.0011j    0.0000-0.0025j   -0.0000-0.0025j    0.0000+0.0011j
    0.0000-0.0000j    0.0000-0.0000j    0.0000-0.0017j    0.0000-0.0008j    0.0000+0.0008j    0.0000+0.0017j
    0.0000-0.0000j    0.0000-0.0000j    0.0000-0.0008j   -0.0000-0.0008j    0.0000-0.0008j   -0.0000-0.0008j
    0.0000-0.0000j    0.0000-0.0000j    0.0000+0.0006j    0.0000+0.0028j   -0.0000-0.0028j   -0.0000-0.0006j

 TD of rotmat 
    0.0000-0.0000j    0.0000-0.0000j   -0.0000+0.0028j   -0.0000-0.0022j    0.0000-0.0022j    0.0000+0.0028j
    0.0000-0.0000j    0.0000-0.0000j    0.0000-0.0022j    0.0000+0.0028j    0.0000-0.0028j    0.0000+0.0022j
    0.0000-0.0000j    0.0000-0.0000j    0.0000-0.0000j    0.0000-0.0000j    0.0000-0.0000j    0.0000-0.0000j
    0.0000-0.0000j    0.0000-0.0000j    0.0000-0.0000j    0.0000-0.0000j    0.0000-0.0000j    0.0000-0.0000j
    0.0000-0.0000j    0.0000-0.0000j    0.0000-0.0022j   -0.0000-0.0028j    0.0000-0.0028j   -0.0000-0.0022j
    0.0000-0.0000j    0.0000-0.0000j   -0.0000+0.0028j    0.0000+0.0022j    0.0000-0.0022j   -0.0000-0.0028j

 TD of rotmat 
    0.0000-0.0000j    0.0000-0.0000j    0.0000+0.0000j    0.0000-0.0011j   -0.0000-0.0011j   -0.0000+0.0000j
    0.0000-0.0000j    0.0000-0.0000j   -0.0000-0.0001j   -0.0000+0.0003j   -0.0000-0.0003j   -0.0000+0.0001j
    0.0000-0.0000j    0.0000-0.0000j   -0.0000+0.0000j   -0.0000+0.0014j    0.0000+0.0014j    0.0000+0.0000j
    0.0000-0.0000j    0.0000-0.0000j   -0.0000+0.0006j   -0.0000+0.0018j   -0.0000-0.0018j   -0.0000-0.0006j
    0.0000-0.0000j    0.0000-0.0000j    0.0000-0.0000j    0.0000-0.0000j    0.0000-0.0000j    0.0000-0.0000j
    0.0000-0.0000j    0.0000-0.0000j    0.0000-0.0000j    0.0000-0.0000j    0.0000-0.0000j    0.0000-0.0000j

 TD of CI 
    -4.89415921248994e-07+2.42922124501911e-04j     9.06631669238546e-08-4.50409749561945e-05j    -9.06631548698327e-08+4.50409399010554e-05j     1.31626775697769e-06-6.53914533718790e-04j     1.31626775678107e-06-6.53914531497155e-04j    -4.87670301657040e-07+2.42488519177672e-04j
     9.06631669238546e-08-4.50409749561945e-05j    -1.67951150817286e-08+8.35118584518005e-06j     1.67951128447912e-08-8.35117933963976e-06j    -2.43835167083718e-07+1.21244307019438e-04j    -2.43835167047268e-07+1.21244306607099e-04j     9.03395063461726e-08-4.49605070081108e-05j
    -9.06631548698327e-08+4.50409399010554e-05j     1.67951128447912e-08-8.35117933963976e-06j    -1.67951106082109e-08+8.35117283409948e-06j     2.43835134609772e-07-1.21244212570572e-04j     2.43835134573699e-07-1.21244212158234e-04j    -9.03394942944314e-08+4.49604719524290e-05j
     1.31626775697769e-06-6.53914533718790e-04j    -2.43835167083718e-07+1.21244307019438e-04j     2.43835134609772e-07-1.21244212570572e-04j    -3.54005247464472e-06+1.76025085025569e-03j    -3.54005247411807e-06+1.76025084426927e-03j     1.31156878149471e-06-6.52746282335379e-04j
     1.31626775678107e-06-6.53914531497155e-04j    -2.43835167047268e-07+1.21244306607099e-04j     2.43835134573699e-07-1.21244212158234e-04j    -3.54005247411807e-06+1.76025084426927e-03j    -3.54005247359181e-06+1.76025083828285e-03j     1.31156878130054e-06-6.52746280113201e-04j
    -4.87670301657040e-07+2.42488519177672e-04j     9.03395063461726e-08-4.49605070081108e-05j    -9.03394942944314e-08+4.49604719524290e-05j     1.31156878149471e-06-6.52746282335379e-04j     1.31156878130054e-06-6.52746280113201e-04j    -4.85927800707999e-07+2.42054913837742e-04j

 TD of CI 
    -1.22144319937274e-06+4.84391647957649e-04j    -2.99980508738015e-07+1.18918649933501e-04j     2.99304658869827e-07-1.18800810482829e-04j    -2.48793093606677e-06+9.86536873019059e-04j    -2.48367719749603e-06+9.85559271992482e-04j    -1.21962665362898e-06+4.83911642837885e-04j
    -2.99980508738015e-07+1.18918649933501e-04j    -7.36737430425440e-08+2.91946513975463e-05j     7.35078212009411e-08-2.91657216905435e-05j    -6.11023710675337e-07+2.42195821384809e-04j    -6.09979413456938e-07+2.41955819321806e-04j    -2.99534544879204e-07+1.18800808180205e-04j
     2.99304658869827e-07-1.18800810482829e-04j     7.35078212009411e-08-2.91657216905435e-05j    -7.33420440097677e-08+2.91367919824272e-05j     6.09647240172044e-07-2.41955823516078e-04j     6.08604142968150e-07-2.41715821445513e-04j     2.98859284222285e-07-1.18682968726150e-04j
    -2.48793093606677e-06+9.86536873019059e-04j    -6.11023710675337e-07+2.42195821384809e-04j     6.09647240172044e-07-2.41955823516078e-04j    -5.06761204208924e-06+2.00923159168780e-03j    -5.05894865995764e-06+2.00724055930001e-03j    -2.48423126584103e-06+9.85559269974697e-04j
    -2.48367719749603e-06+9.85559271992482e-04j    -6.09979413456938e-07+2.41955819321806e-04j     6.08604142968151e-07-2.41715821445513e-04j    -5.05894865995764e-06+2.00724055930001e-03j    -5.05029523308204e-06+2.00524952686339e-03j    -2.47998241533154e-06+9.84581668926879e-04j
    -1.21962665362898e-06+4.83911642837885e-04j    -2.99534544879204e-07+1.18800808180205e-04j     2.98859284222285e-07-1.18682968726150e-04j    -2.48423126584103e-06+9.85559269974697e-04j    -2.47998241533154e-06+9.84581668926879e-04j    -1.21781250793754e-06+4.83431637709038e-04j

 TD of CI 
    -4.80351523591262e-07+2.40510636076940e-04j     8.94177319668333e-08-4.47184293185606e-05j    -8.94332579287419e-08+4.47184584612835e-05j     1.29841172911198e-06-6.49232208584502e-04j     1.29818637140536e-06-6.49232211572271e-04j    -4.83398938379345e-07+2.41424248789385e-04j
     8.94177319668333e-08-4.47184293185606e-05j    -1.66451280122394e-08+8.31452100870198e-06j     1.66480092994536e-08-8.31452641717468e-06j    -2.41699464407738e-07+1.20712084856491e-04j    -2.41657642798534e-07+1.20712085411498e-04j     8.99845521823426e-08-4.48879764449493e-05j
    -8.94332579287419e-08+4.47184584612835e-05j     1.66480092994536e-08-8.31452641717468e-06j    -1.66508905883274e-08+8.31453182564737e-06j     2.41741295580811e-07-1.20712163377887e-04j     2.41699473973341e-07-1.20712163932894e-04j    -9.00000781332503e-08+4.48880055898464e-05j
     1.29841172911198e-06-6.49232208584502e-04j    -2.41699464407738e-07+1.20712084856491e-04j     2.41741295580811e-07-1.20712163377887e-04j    -3.50965335342033e-06+1.75252518036200e-03j    -3.50904617810594e-06+1.75252518841971e-03j     1.30664094966809e-06-6.51693731092378e-04j
     1.29818637140536e-06-6.49232211572271e-04j    -2.41657642798534e-07+1.20712085411498e-04j     2.41699473973341e-07-1.20712163932894e-04j    -3.50904617810594e-06+1.75252518841971e-03j    -3.50843900279238e-06+1.75252519647743e-03j     1.30641559195962e-06-6.51693734085972e-04j
    -4.83398938379346e-07+2.41424248789385e-04j     8.99845521823426e-08-4.48879764449493e-05j    -9.00000781332503e-08+4.48880055898464e-05j     1.30664094966809e-06-6.51693731092378e-04j     1.30641559195962e-06-6.51693734085972e-04j    -4.86460198421841e-07+2.42337861450857e-04j
printstep: 0
 NOevals (U) 
      7.99082311e-02     -1.06458215e-01     -6.94464774e-01      1.00210318e-01     -6.62149887e-01     -2.26970086e-01
     -4.03401107e-02      2.30702648e-01     -6.67194847e-01      2.09634223e-01      5.60300984e-01      3.76983156e-01
     -1.03426935e-01      6.89544770e-01     -1.17604768e-01     -6.57200533e-01     -1.00852115e-02     -2.60740763e-01
      2.23795796e-01      6.37993506e-01      2.07074208e-01      6.71126697e-01     -1.28945045e-01     -1.81554764e-01
      6.94922688e-01      1.14868014e-01      6.23521886e-02     -2.40926026e-01     -2.47902836e-01      6.16845877e-01
      6.69543216e-01     -1.99350378e-01     -1.09413476e-01     -7.51162423e-02      4.11626023e-01     -5.70018918e-01

 TD of global density matrix 
     -2.07648222e-12      5.01044132e-11     -1.93817069e-06      1.00784372e-08      1.93832770e-06     -2.96884778e-08
      5.01044132e-11     -3.74279878e-12     -8.32129094e-11     -2.84852799e-06      8.10135999e-09     -7.62120205e-11
     -1.93817069e-06     -8.32129094e-11      7.84874100e-06     -1.94802977e-08     -1.50709726e-06      3.91532486e-08
      1.00784372e-08     -2.84852799e-06     -1.94802977e-08     -3.01389330e-06     -1.21696071e-08      6.29424856e-06
      1.93832770e-06      8.10135999e-09     -1.50709726e-06     -1.21696071e-08     -4.83433826e-06      5.01320065e-11
     -2.96884778e-08     -7.62120205e-11      3.91532486e-08      6.29424856e-06      5.01320065e-11      8.24927800e-13

 G 
     -8.30008665e-04      1.58012813e-12      1.34495971e-03     -5.05613559e-12     -8.44297831e-04     -1.81079842e-11
      1.58012824e-12     -3.72113323e-05     -1.38873755e-12      2.08522239e-04      1.16135317e-11      3.75748527e-04
      1.34495971e-03     -1.38873759e-12     -2.29147125e-03     -3.89144748e-12      7.40035954e-04      1.83852758e-11
     -5.05613565e-12      2.08522239e-04     -3.89144750e-12      1.33145347e-03     -1.62096806e-11     -2.10564331e-03
     -8.44297831e-04      1.16135317e-11      7.40035954e-04     -1.62096807e-11      6.21479912e-04      6.84020279e-12
     -1.81079842e-11      3.75748527e-04      1.83852762e-11     -2.10564331e-03      6.84020300e-12      1.20575786e-03

 TD of NO evals (U dot) 
      7.66505516e-07     -5.54321712e-07      1.75476172e-07     -4.04677459e-07      2.34906594e-07     -8.56876364e-07
     -3.16068477e-07     -9.08581098e-07     -2.94866533e-07      9.56524930e-07     -1.82463427e-07     -2.60869957e-07
     -9.98918745e-07      2.71798216e-06      1.62731248e-07      2.49769228e-06     -7.94521728e-07      1.27514752e-06
      1.82234532e-06     -1.92043180e-06      2.93400722e-07      1.54251135e-06     -6.93259312e-07      2.06124553e-06
     -1.52444707e-06     -9.05013882e-07     -7.39556118e-07     -1.17023269e-06      3.07419664e-08      1.51330780e-06
      7.03955151e-07      2.01829652e-06      6.57937509e-07     -2.10173483e-06      3.99288364e-07      5.70601166e-07

 TD of mean field density matrix 
      2.27538621e-11     -3.52207705e-12     -1.93830298e-06      9.99499420e-09      1.93845344e-06     -2.97429855e-08
     -3.52207705e-12     -1.41369957e-10     -1.02767598e-10     -2.84860457e-06      8.01532180e-09      4.66453225e-11
     -1.93830298e-06     -1.02767598e-10      7.84860424e-06     -1.94083130e-08     -1.50717951e-06      3.90691743e-08
      9.99499420e-09     -2.84860457e-06     -1.94083130e-08     -3.01403564e-06     -1.21897482e-08      6.29411205e-06
      1.93845344e-06      8.01532180e-09     -1.50717951e-06     -1.21897482e-08     -4.83447855e-06     -3.13186394e-12
     -2.97429855e-08      4.66453225e-11      3.90691743e-08      6.29411205e-06     -3.13186394e-12      2.85641444e-11

 TD of rotmat 
    0.0000-0.0000j    0.0000-0.0000j    0.0000-0.0000j    0.0000-0.0000j    0.0000-0.0000j    0.0000-0.0000j
    0.0000-0.0000j    0.0000-0.0000j    0.0000-0.0000j    0.0000-0.0000j    0.0000-0.0000j    0.0000-0.0000j
    0.0000-0.0000j    0.0000-0.0000j   -0.0000+0.0011j    0.0000-0.0025j   -0.0000-0.0025j    0.0000+0.0011j
    0.0000-0.0000j    0.0000-0.0000j    0.0000-0.0017j    0.0000-0.0008j    0.0000+0.0008j    0.0000+0.0017j
    0.0000-0.0000j    0.0000-0.0000j    0.0000-0.0008j   -0.0000-0.0008j    0.0000-0.0008j   -0.0000-0.0008j
    0.0000-0.0000j    0.0000-0.0000j    0.0000+0.0006j    0.0000+0.0028j   -0.0000-0.0028j   -0.0000-0.0006j

 TD of rotmat 
    0.0000-0.0000j    0.0000-0.0000j   -0.0000+0.0028j   -0.0000-0.0022j    0.0000-0.0022j    0.0000+0.0028j
    0.0000-0.0000j    0.0000-0.0000j    0.0000-0.0022j    0.0000+0.0028j    0.0000-0.0028j    0.0000+0.0022j
    0.0000-0.0000j    0.0000-0.0000j    0.0000-0.0000j    0.0000-0.0000j    0.0000-0.0000j    0.0000-0.0000j
    0.0000-0.0000j    0.0000-0.0000j    0.0000-0.0000j    0.0000-0.0000j    0.0000-0.0000j    0.0000-0.0000j
    0.0000-0.0000j    0.0000-0.0000j    0.0000-0.0022j   -0.0000-0.0028j    0.0000-0.0028j   -0.0000-0.0022j
    0.0000-0.0000j    0.0000-0.0000j   -0.0000+0.0028j    0.0000+0.0022j    0.0000-0.0022j   -0.0000-0.0028j

 TD of rotmat 
    0.0000-0.0000j    0.0000-0.0000j    0.0000+0.0000j    0.0000-0.0011j   -0.0000-0.0011j   -0.0000+0.0000j
    0.0000-0.0000j    0.0000-0.0000j   -0.0000-0.0001j   -0.0000+0.0003j   -0.0000-0.0003j   -0.0000+0.0001j
    0.0000-0.0000j    0.0000-0.0000j   -0.0000+0.0000j   -0.0000+0.0014j    0.0000+0.0014j    0.0000+0.0000j
    0.0000-0.0000j    0.0000-0.0000j   -0.0000+0.0006j   -0.0000+0.0018j   -0.0000-0.0018j   -0.0000-0.0006j
    0.0000-0.0000j    0.0000-0.0000j    0.0000-0.0000j    0.0000-0.0000j    0.0000-0.0000j    0.0000-0.0000j
    0.0000-0.0000j    0.0000-0.0000j    0.0000-0.0000j    0.0000-0.0000j    0.0000-0.0000j    0.0000-0.0000j

 TD of CI 
    -9.78827925834866e-07+2.42921137814418e-04j     1.81325661439602e-07-4.50407748718391e-05j    -1.81325540525863e-07+4.50407748587535e-05j     2.63252491935519e-06-6.53911882202198e-04j     2.63252490844250e-06-6.53911882021450e-04j    -9.75336701618282e-07+2.42487538356894e-04j
     1.81325661439602e-07-4.50407748718391e-05j    -3.35901154582188e-08+8.35114556312744e-06j     3.35900930427593e-08-8.35114556069877e-06j    -4.87668514539669e-07+1.21243769212847e-04j    -4.87668512516294e-07+1.21243769179304e-04j     1.80678342932615e-07-4.49603080101858e-05j
    -1.81325540525863e-07+4.50407748587535e-05j     3.35900930427593e-08-8.35114556069877e-06j    -3.35900706265443e-08+8.35114555827044e-06j     4.87668189101988e-07-1.21243769177590e-04j     4.87668187077858e-07-1.21243769144047e-04j    -1.80678222268767e-07+4.49603079970993e-05j
     2.63252491935519e-06-6.53911882202198e-04j    -4.87668514539669e-07+1.21243769212847e-04j     4.87668189101988e-07-1.21243769177590e-04j    -7.08007629113249e-06+1.76024372486609e-03j    -7.08007626175158e-06+1.76024372437910e-03j     2.62312700861462e-06-6.52743646595484e-04j
     2.63252490844250e-06-6.53911882021450e-04j    -4.87668512516294e-07+1.21243769179304e-04j     4.87668187077858e-07-1.21243769144047e-04j    -7.08007626175158e-06+1.76024372437910e-03j    -7.08007623236992e-06+1.76024372389212e-03j     2.62312699771715e-06-6.52743646414736e-04j
