printstep: 0
 NOevals (U) 
      7.99082308e-02     -1.06458215e-01     -6.94464775e-01      1.00210318e-01     -6.62149887e-01     -2.26970085e-01
     -4.03401105e-02      2.30702648e-01     -6.67194847e-01      2.09634223e-01      5.60300984e-01      3.76983156e-01
     -1.03426934e-01      6.89544769e-01     -1.17604768e-01     -6.57200534e-01     -1.00852111e-02     -2.60740764e-01
      2.23795795e-01      6.37993507e-01      2.07074208e-01      6.71126697e-01     -1.28945044e-01     -1.81554765e-01
      6.94922689e-01      1.14868014e-01      6.23521890e-02     -2.40926025e-01     -2.47902836e-01      6.16845876e-01
      6.69543216e-01     -1.99350379e-01     -1.09413477e-01     -7.51162413e-02      4.11626023e-01     -5.70018918e-01

 TD of global density matrix 
      0.00000000e+00      0.00000000e+00      0.00000000e+00      0.00000000e+00      0.00000000e+00      0.00000000e+00
      0.00000000e+00      0.00000000e+00      0.00000000e+00      0.00000000e+00      0.00000000e+00      0.00000000e+00
      0.00000000e+00      0.00000000e+00      0.00000000e+00      0.00000000e+00      0.00000000e+00      0.00000000e+00
      0.00000000e+00      0.00000000e+00      0.00000000e+00      0.00000000e+00      0.00000000e+00      0.00000000e+00
      0.00000000e+00      0.00000000e+00      0.00000000e+00      0.00000000e+00      0.00000000e+00      0.00000000e+00
      0.00000000e+00      0.00000000e+00      0.00000000e+00      0.00000000e+00      0.00000000e+00      0.00000000e+00

 G 
     -8.30008106e-04      2.19840000e-16      1.34495958e-03     -3.29655521e-16     -8.44298641e-04     -1.05806554e-15
      2.19836671e-16     -3.72107740e-05     -1.86849676e-16      2.08524544e-04      1.17287448e-15      3.75748244e-04
      1.34495958e-03     -1.86774122e-16     -2.29147546e-03     -1.15294261e-16      7.40036369e-04     -4.63327582e-16
     -3.29739337e-16      2.08524544e-04     -1.15203933e-16      1.33145442e-03     -7.70169329e-17     -2.10564637e-03
     -8.44298641e-04      1.17285035e-15      7.40036369e-04     -7.70975291e-17      6.21483562e-04      1.58230406e-16
     -1.05803002e-15      3.75748244e-04     -4.63442233e-16     -2.10564637e-03      1.58133709e-16      1.20575635e-03

 TD of NO evals (U dot) 
      0.00000000e+00      0.00000000e+00      0.00000000e+00      0.00000000e+00      0.00000000e+00      0.00000000e+00
      0.00000000e+00      0.00000000e+00      0.00000000e+00      0.00000000e+00      0.00000000e+00      0.00000000e+00
      0.00000000e+00      0.00000000e+00      0.00000000e+00      0.00000000e+00      0.00000000e+00      0.00000000e+00
      0.00000000e+00      0.00000000e+00      0.00000000e+00      0.00000000e+00      0.00000000e+00      0.00000000e+00
      0.00000000e+00      0.00000000e+00      0.00000000e+00      0.00000000e+00      0.00000000e+00      0.00000000e+00
      0.00000000e+00      0.00000000e+00      0.00000000e+00      0.00000000e+00      0.00000000e+00      0.00000000e+00

 TD of mean field density matrix 
      0.00000000e+00      0.00000000e+00      0.00000000e+00      0.00000000e+00      0.00000000e+00      0.00000000e+00
      0.00000000e+00      0.00000000e+00      0.00000000e+00      0.00000000e+00      0.00000000e+00      0.00000000e+00
      0.00000000e+00      0.00000000e+00      0.00000000e+00      0.00000000e+00      0.00000000e+00      0.00000000e+00
      0.00000000e+00      0.00000000e+00      0.00000000e+00      0.00000000e+00      0.00000000e+00      0.00000000e+00
      0.00000000e+00      0.00000000e+00      0.00000000e+00      0.00000000e+00      0.00000000e+00      0.00000000e+00
      0.00000000e+00      0.00000000e+00      0.00000000e+00      0.00000000e+00      0.00000000e+00      0.00000000e+00

 TD of rotmat 
    0.0000-0.0000j    0.0000-0.0000j    0.0000-0.0000j    0.0000-0.0000j    0.0000-0.0000j    0.0000-0.0000j
    0.0000-0.0000j    0.0000-0.0000j    0.0000-0.0000j    0.0000-0.0000j    0.0000-0.0000j    0.0000-0.0000j
    0.0000-0.0000j    0.0000-0.0000j    0.0000+0.0011j    0.0000-0.0025j    0.0000-0.0025j    0.0000+0.0011j
    0.0000-0.0000j    0.0000-0.0000j    0.0000-0.0017j    0.0000-0.0008j    0.0000+0.0008j    0.0000+0.0017j
    0.0000-0.0000j    0.0000-0.0000j    0.0000-0.0008j    0.0000-0.0008j    0.0000-0.0008j    0.0000-0.0008j
    0.0000-0.0000j    0.0000-0.0000j    0.0000+0.0006j    0.0000+0.0028j    0.0000-0.0028j    0.0000-0.0006j

 TD of rotmat 
    0.0000-0.0000j    0.0000-0.0000j    0.0000+0.0028j    0.0000-0.0022j    0.0000-0.0022j    0.0000+0.0028j
    0.0000-0.0000j    0.0000-0.0000j    0.0000-0.0022j    0.0000+0.0028j    0.0000-0.0028j    0.0000+0.0022j
    0.0000-0.0000j    0.0000-0.0000j    0.0000-0.0000j    0.0000-0.0000j    0.0000-0.0000j    0.0000-0.0000j
    0.0000-0.0000j    0.0000-0.0000j    0.0000-0.0000j    0.0000-0.0000j    0.0000-0.0000j    0.0000-0.0000j
    0.0000-0.0000j    0.0000-0.0000j    0.0000-0.0022j    0.0000-0.0028j    0.0000-0.0028j    0.0000-0.0022j
    0.0000-0.0000j    0.0000-0.0000j    0.0000+0.0028j    0.0000+0.0022j    0.0000-0.0022j    0.0000-0.0028j

 TD of rotmat 
    0.0000-0.0000j    0.0000-0.0000j    0.0000+0.0000j    0.0000-0.0011j    0.0000-0.0011j    0.0000+0.0000j
    0.0000-0.0000j    0.0000-0.0000j    0.0000-0.0001j    0.0000+0.0003j    0.0000-0.0003j    0.0000+0.0001j
    0.0000-0.0000j    0.0000-0.0000j    0.0000+0.0000j    0.0000+0.0014j    0.0000+0.0014j    0.0000+0.0000j
    0.0000-0.0000j    0.0000-0.0000j    0.0000+0.0006j    0.0000+0.0018j    0.0000-0.0018j    0.0000-0.0006j
    0.0000-0.0000j    0.0000-0.0000j    0.0000-0.0000j    0.0000-0.0000j    0.0000-0.0000j    0.0000-0.0000j
    0.0000-0.0000j    0.0000-0.0000j    0.0000-0.0000j    0.0000-0.0000j    0.0000-0.0000j    0.0000-0.0000j

 TD of CI 
     0.00000000000000e+00+2.42923109439712e-05j     0.00000000000000e+00-4.50411398300006e-06j     0.00000000000000e+00+4.50411398300001e-06j     0.00000000000000e+00-6.53917180749456e-05j     0.00000000000000e+00-6.53917180749456e-05j     0.00000000000000e+00+2.42489499999934e-05j
     0.00000000000000e+00-4.50411398300006e-06j     0.00000000000000e+00+8.35121311867528e-07j     0.00000000000000e+00-8.35121311867519e-07j     0.00000000000000e+00+1.21244749999968e-05j     0.00000000000000e+00+1.21244749999968e-05j     0.00000000000000e+00-4.49606711193456e-06j
     0.00000000000000e+00+4.50411398300001e-06j     0.00000000000000e+00-8.35121311867519e-07j     0.00000000000000e+00+8.35121311867511e-07j     0.00000000000000e+00-1.21244749999967e-05j     0.00000000000000e+00-1.21244749999966e-05j     0.00000000000000e+00+4.49606711193451e-06j
     0.00000000000000e+00-6.53917180749456e-05j     0.00000000000000e+00+1.21244749999968e-05j     0.00000000000000e+00-1.21244749999967e-05j     0.00000000000000e+00+1.76025796416108e-04j     0.00000000000000e+00+1.76025796416108e-04j     0.00000000000000e+00-6.52748918298535e-05j
     0.00000000000000e+00-6.53917180749456e-05j     0.00000000000000e+00+1.21244749999968e-05j     0.00000000000000e+00-1.21244749999966e-05j     0.00000000000000e+00+1.76025796416108e-04j     0.00000000000000e+00+1.76025796416108e-04j     0.00000000000000e+00-6.52748918298535e-05j
     0.00000000000000e+00+2.42489499999934e-05j     0.00000000000000e+00-4.49606711193456e-06j     0.00000000000000e+00+4.49606711193451e-06j     0.00000000000000e+00-6.52748918298535e-05j     0.00000000000000e+00-6.52748918298535e-05j     0.00000000000000e+00+2.42055890560156e-05j

 TD of CI 
     0.00000000000000e+00+4.84394727212020e-05j     0.00000000000000e+00+1.18919407045275e-05j     0.00000000000000e+00-1.18801563966622e-05j     0.00000000000000e+00+9.86543145398782e-05j     0.00000000000000e+00+9.85565531362806e-05j     0.00000000000000e+00+4.83914716696024e-05j
     0.00000000000000e+00+1.18919407045275e-05j     0.00000000000000e+00+2.91948375519990e-06j     0.00000000000000e+00-2.91659069541818e-06j     0.00000000000000e+00+2.42197363606010e-05j     0.00000000000000e+00+2.41957358348012e-05j     0.00000000000000e+00+1.18801563966622e-05j
     0.00000000000000e+00-1.18801563966622e-05j     0.00000000000000e+00-2.91659069541818e-06j     0.00000000000000e+00+2.91369763563645e-06j     0.00000000000000e+00-2.41957358348012e-05j     0.00000000000000e+00-2.41717353090014e-05j     0.00000000000000e+00-1.18683720887970e-05j
     0.00000000000000e+00+9.86543145398782e-05j     0.00000000000000e+00+2.42197363606010e-05j     0.00000000000000e+00-2.41957358348012e-05j     0.00000000000000e+00+2.00924436839983e-04j     0.00000000000000e+00+2.00725330951364e-04j     0.00000000000000e+00+9.85565531362806e-05j
     0.00000000000000e+00+9.85565531362806e-05j     0.00000000000000e+00+2.41957358348012e-05j     0.00000000000000e+00-2.41717353090014e-05j     0.00000000000000e+00+2.00725330951364e-04j     0.00000000000000e+00+2.00526225062745e-04j     0.00000000000000e+00+9.84587917326830e-05j
     0.00000000000000e+00+4.83914716696024e-05j     0.00000000000000e+00+1.18801563966622e-05j     0.00000000000000e+00-1.18683720887970e-05j     0.00000000000000e+00+9.85565531362806e-05j     0.00000000000000e+00+9.84587917326830e-05j     0.00000000000000e+00+4.83434706180028e-05j

 TD of CI 
     0.00000000000000e+00+2.40511596740316e-05j     0.00000000000000e+00-4.47186228397989e-06j     0.00000000000000e+00+4.47186228397980e-06j     0.00000000000000e+00-6.49234808105855e-05j     0.00000000000000e+00-6.49234808105855e-05j     0.00000000000000e+00+2.41425216696090e-05j
     0.00000000000000e+00-4.47186228397989e-06j     0.00000000000000e+00+8.31455975146130e-07j     0.00000000000000e+00-8.31455975146112e-07j     0.00000000000000e+00+1.20712608348046e-05j     0.00000000000000e+00+1.20712608348046e-05j     0.00000000000000e+00-4.48881713162054e-06j
     0.00000000000000e+00+4.47186228397980e-06j     0.00000000000000e+00-8.31455975146112e-07j     0.00000000000000e+00+8.31455975146095e-07j     0.00000000000000e+00-1.20712608348044e-05j     0.00000000000000e+00-1.20712608348044e-05j     0.00000000000000e+00+4.48881713162045e-06j
     0.00000000000000e+00-6.49234808105855e-05j     0.00000000000000e+00+1.20712608348046e-05j     0.00000000000000e+00-1.20712608348044e-05j     0.00000000000000e+00+1.75253221454423e-04j     0.00000000000000e+00+1.75253221454423e-04j     0.00000000000000e+00-6.51696350200718e-05j
     0.00000000000000e+00-6.49234808105855e-05j     0.00000000000000e+00+1.20712608348046e-05j     0.00000000000000e+00-1.20712608348044e-05j     0.00000000000000e+00+1.75253221454423e-04j     0.00000000000000e+00+1.75253221454423e-04j     0.00000000000000e+00-6.51696350200718e-05j
     0.00000000000000e+00+2.41425216696090e-05j     0.00000000000000e+00-4.48881713162054e-06j     0.00000000000000e+00+4.48881713162045e-06j     0.00000000000000e+00-6.51696350200718e-05j     0.00000000000000e+00-6.51696350200718e-05j     0.00000000000000e+00+2.42338836651864e-05j
printstep: 0
 NOevals (U) 
      7.99082308e-02     -1.06458215e-01     -6.94464775e-01      1.00210318e-01     -6.62149887e-01     -2.26970085e-01
     -4.03401105e-02      2.30702648e-01     -6.67194847e-01      2.09634223e-01      5.60300984e-01      3.76983156e-01
     -1.03426934e-01      6.89544769e-01     -1.17604768e-01     -6.57200534e-01     -1.00852111e-02     -2.60740764e-01
      2.23795795e-01      6.37993507e-01      2.07074208e-01      6.71126697e-01     -1.28945044e-01     -1.81554765e-01
      6.94922689e-01      1.14868014e-01      6.23521890e-02     -2.40926025e-01     -2.47902836e-01      6.16845876e-01
      6.69543216e-01     -1.99350379e-01     -1.09413477e-01     -7.51162413e-02      4.11626023e-01     -5.70018918e-01

 TD of global density matrix 
      1.08420217e-19      2.74719164e-18     -9.69211391e-08      4.84597939e-10      9.69211337e-08     -1.50708307e-09
      2.74719164e-18     -7.03149025e-15     -3.96216370e-18     -1.42425664e-07      4.31340510e-10      2.81215269e-15
     -9.69211391e-08     -3.96216370e-18      3.92425642e-07     -9.81064138e-10     -7.53541477e-08      1.93843045e-09
      4.84597939e-10     -1.42425664e-07     -9.81064138e-10     -1.50708289e-07     -6.04293394e-10      3.14700950e-07
      9.69211337e-08      4.31340510e-10     -7.53541477e-08     -6.04293394e-10     -2.41717348e-07      4.11761786e-18
     -1.50708307e-09      2.81215269e-15      1.93843045e-09      3.14700950e-07      4.11761786e-18     -5.42101086e-20

 G 
     -8.30005142e-04     -6.08658975e-10      1.34496033e-03      2.28735691e-11     -8.44299404e-04      1.78846038e-09
     -6.08658974e-10     -3.72136309e-05      8.71253253e-10      2.08525344e-04     -1.26372575e-09      3.75747535e-04
      1.34496033e-03      8.71253253e-10     -2.29147568e-03     -5.24786560e-10      7.40037204e-04      2.41663180e-11
      2.28735691e-11      2.08525344e-04     -5.24786559e-10      1.33145432e-03      8.70236445e-10     -2.10564575e-03
     -8.44299404e-04     -1.26372575e-09      7.40037204e-04      8.70236445e-10      6.21480717e-04     -6.08109505e-10
      1.78846038e-09      3.75747535e-04      2.41663181e-11     -2.10564575e-03     -6.08109505e-10      1.20575941e-03

 TD of NO evals (U dot) 
      3.83166441e-08     -2.77210039e-08      8.77396612e-09     -2.02316532e-08      1.17478144e-08     -4.28513189e-08
     -1.57934670e-08     -4.54230306e-08     -1.47444965e-08      4.78292476e-08     -9.12050248e-09     -1.30538251e-08
     -4.99506029e-08      1.35896828e-07      8.13706867e-09      1.24886466e-07     -3.97265323e-08      6.37483609e-08
      9.11166200e-08     -9.60252367e-08      1.46741484e-08      7.71249810e-08     -3.46681279e-08      1.03054820e-07
     -7.62203717e-08     -4.52434032e-08     -3.69870139e-08     -5.85141216e-08      1.52917195e-09      7.56585773e-08
      3.51968388e-08      1.00909099e-07      3.29050652e-08     -1.05088910e-07      1.99584013e-08      2.85253695e-08

 TD of mean field density matrix 
      3.50687278e-16     -5.69260950e-16     -9.69211320e-08      4.84603116e-10      9.69211375e-08     -1.50708415e-09
     -5.69260953e-16      7.65197342e-16      1.23530429e-15     -1.42425655e-07      4.31340812e-10     -3.19587213e-15
     -9.69211320e-08      1.23530430e-15      3.92425648e-07     -9.81064308e-10     -7.53541567e-08      1.93842498e-09
      4.84603116e-10     -1.42425655e-07     -9.81064308e-10     -1.50708294e-07     -6.04294632e-10      3.14700943e-07
      9.69211375e-08      4.31340812e-10     -7.53541567e-08     -6.04294632e-10     -2.41717354e-07      9.27127668e-16
     -1.50708415e-09     -3.19587210e-15      1.93842498e-09      3.14700943e-07      9.27127655e-16     -2.03065614e-15

 TD of rotmat 
    0.0000-0.0000j    0.0000-0.0000j    0.0000-0.0000j    0.0000-0.0000j    0.0000-0.0000j    0.0000-0.0000j
    0.0000-0.0000j    0.0000-0.0000j    0.0000-0.0000j    0.0000-0.0000j    0.0000-0.0000j    0.0000-0.0000j
    0.0000-0.0000j    0.0000-0.0000j   -0.0000+0.0011j    0.0000-0.0025j   -0.0000-0.0025j    0.0000+0.0011j
    0.0000-0.0000j    0.0000-0.0000j    0.0000-0.0017j    0.0000-0.0008j    0.0000+0.0008j    0.0000+0.0017j
    0.0000-0.0000j    0.0000-0.0000j    0.0000-0.0008j   -0.0000-0.0008j    0.0000-0.0008j   -0.0000-0.0008j
    0.0000-0.0000j    0.0000-0.0000j    0.0000+0.0006j    0.0000+0.0028j   -0.0000-0.0028j   -0.0000-0.0006j

 TD of rotmat 
    0.0000-0.0000j    0.0000-0.0000j   -0.0000+0.0028j   -0.0000-0.0022j    0.0000-0.0022j    0.0000+0.0028j
    0.0000-0.0000j    0.0000-0.0000j    0.0000-0.0022j    0.0000+0.0028j    0.0000-0.0028j    0.0000+0.0022j
    0.0000-0.0000j    0.0000-0.0000j    0.0000-0.0000j    0.0000-0.0000j    0.0000-0.0000j    0.0000-0.0000j
    0.0000-0.0000j    0.0000-0.0000j    0.0000-0.0000j    0.0000-0.0000j    0.0000-0.0000j    0.0000-0.0000j
    0.0000-0.0000j    0.0000-0.0000j    0.0000-0.0022j   -0.0000-0.0028j    0.0000-0.0028j   -0.0000-0.0022j
    0.0000-0.0000j    0.0000-0.0000j   -0.0000+0.0028j    0.0000+0.0022j    0.0000-0.0022j   -0.0000-0.0028j

 TD of rotmat 
    0.0000-0.0000j    0.0000-0.0000j    0.0000+0.0000j    0.0000-0.0011j   -0.0000-0.0011j   -0.0000+0.0000j
    0.0000-0.0000j    0.0000-0.0000j   -0.0000-0.0001j   -0.0000+0.0003j   -0.0000-0.0003j   -0.0000+0.0001j
    0.0000-0.0000j    0.0000-0.0000j   -0.0000+0.0000j   -0.0000+0.0014j    0.0000+0.0014j    0.0000+0.0000j
    0.0000-0.0000j    0.0000-0.0000j   -0.0000+0.0006j   -0.0000+0.0018j   -0.0000-0.0018j   -0.0000-0.0006j
    0.0000-0.0000j    0.0000-0.0000j    0.0000-0.0000j    0.0000-0.0000j    0.0000-0.0000j    0.0000-0.0000j
    0.0000-0.0000j    0.0000-0.0000j    0.0000-0.0000j    0.0000-0.0000j    0.0000-0.0000j    0.0000-0.0000j

 TD of CI 
    -4.89415934775182e-09+2.42923109430964e-05j     9.06631639763425e-10-4.50411396539451e-06j    -9.06631647010190e-10+4.50411400044362e-06j     1.31626777308159e-08-6.53917180727025e-05j     1.31626777312971e-08-6.53917180748338e-05j    -4.87670312704082e-09+2.42489499999942e-05j
     9.06631639763425e-10-4.50411396539452e-06j    -1.67951135222819e-10+8.35121305363150e-07j     1.67951136566485e-10-8.35121311867570e-07j    -2.43835155372198e-09+1.21244749525830e-05j    -2.43835155381119e-09+1.21244749529786e-05j     9.03395029418568e-10-4.49606709449095e-06j
    -9.06631647010190e-10+4.50411400044362e-06j     1.67951136566485e-10-8.35121311867570e-07j    -1.67951137910151e-10+8.35121318371990e-07j     2.43835157322963e-09-1.21244750470156e-05j     2.43835157331884e-09-1.21244750474112e-05j    -9.03395036652621e-10+4.49606712954060e-06j
     1.31626777308159e-08-6.53917180727025e-05j    -2.43835155372198e-09+1.21244749525830e-05j     2.43835157322963e-09-1.21244750470156e-05j    -3.54005246326588e-08+1.76025796410366e-04j    -3.54005246339540e-08+1.76025796416109e-04j     1.31156879094211e-08-6.52748918299652e-05j
     1.31626777312971e-08-6.53917180748338e-05j    -2.43835155381119e-09+1.21244749529786e-05j     2.43835157331884e-09-1.21244750474112e-05j    -3.54005246339540e-08+1.76025796416109e-04j    -3.54005246352492e-08+1.76025796421852e-04j     1.31156879099014e-08-6.52748918320970e-05j
    -4.87670312704082e-09+2.42489499999942e-05j     9.03395029418568e-10-4.49606709449095e-06j    -9.03395036652621e-10+4.49606712954060e-06j     1.31156879094211e-08-6.52748918299652e-05j     1.31156879099014e-08-6.52748918320970e-05j    -4.85927809292009e-09+2.42055890568889e-05j

 TD of CI 
    -1.22144316147340e-08+4.84394727212035e-05j    -2.99980513063730e-09+1.18919407048638e-05j     2.99304660668725e-09-1.18801563963264e-05j    -2.48793089134419e-08+9.86543145392427e-05j    -2.48367714955179e-08+9.85565531369215e-05j    -1.21962668124636e-08+4.83914716696039e-05j
    -2.99980513063730e-09+1.18919407048638e-05j    -7.36737474508387e-10+2.91948375536494e-06j     7.35078249881219e-10-2.91659069541827e-06j    -6.11023727455871e-09+2.42197363611292e-05j    -6.09979429441722e-09+2.41957358356433e-05j    -2.99534565287295e-09+1.18801563969988e-05j
     2.99304660668725e-09-1.18801563963264e-05j     7.35078249881219e-10-2.91659069541827e-06j    -7.33420471784095e-10+2.91369763547132e-06j     6.09647251804636e-09-2.41957358339606e-05j     6.08604153816841e-09-2.41717353084732e-05j     2.98859302107714e-09-1.18683720884608e-05j
    -2.48793089134419e-08+9.86543145392427e-05j    -6.11023727455871e-09+2.42197363611292e-05j     6.09647251804636e-09-2.41957358339606e-05j    -5.06761201712594e-08+2.00924436837388e-04j    -5.05894862842278e-08+2.00725330951370e-04j    -2.48423135454894e-08+9.85565531356458e-05j
    -2.48367714955179e-08+9.85565531369215e-05j    -6.09979429441722e-09+2.41957358356433e-05j     6.08604153816841e-09-2.41717353084732e-05j    -5.05894862842278e-08+2.00725330951370e-04j    -5.05029519501408e-08+2.00526225065347e-04j    -2.47998250082672e-08+9.84587917333233e-05j
    -1.21962668124636e-08+4.83914716696039e-05j    -2.99534565287295e-09+1.18801563969988e-05j     2.98859302107714e-09-1.18683720884608e-05j    -2.48423135454894e-08+9.85565531356458e-05j    -2.47998250082672e-08+9.84587917333233e-05j    -1.21781260107189e-08+4.83434706180043e-05j

 TD of CI 
    -4.80351534034307e-09+2.40511596746541e-05j     8.94177371849111e-10-4.47186229867383e-06j    -8.94332590011749e-10+4.47186226940203e-06j     1.29841174079589e-08-6.49234808125034e-05j     1.29818638353350e-08-6.49234808103480e-05j    -4.83398949309703e-09+2.41425216696102e-05j
     8.94177371849111e-10-4.47186229867383e-06j    -1.66451295882601e-10+8.31455980578653e-07j     1.66480101077783e-10-8.31455975146194e-07j    -2.41699475409565e-09+1.20712608744399e-05j    -2.41657653883825e-09+1.20712608740399e-05j     8.99845574883593e-10-4.48881714620001e-06j
    -8.94332590011749e-10+4.47186226940203e-06j     1.66480101077783e-10-8.31455975146194e-07j    -1.66508906272965e-10+8.31455969713735e-07j     2.41741295425878e-09-1.20712607955703e-05j     2.41699473900138e-09-1.20712607951702e-05j    -9.00000793024556e-10+4.48881711692568e-06j
     1.29841174079589e-08-6.49234808125034e-05j    -2.41699475409565e-09+1.20712608744399e-05j     2.41741295425878e-09-1.20712607955703e-05j    -3.50965334060752e-08+1.75253221460232e-04j    -3.50904616649270e-08+1.75253221454423e-04j     1.30664096269205e-08-6.51696350203097e-05j
     1.29818638353350e-08-6.49234808103480e-05j    -2.41657653883825e-09+1.20712608740399e-05j     2.41699473900137e-09-1.20712607951702e-05j    -3.50904616649270e-08+1.75253221454423e-04j    -3.50843899237787e-08+1.75253221448615e-04j     1.30641560542951e-08-6.51696350181536e-05j
    -4.83398949309703e-09+2.41425216696102e-05j     8.99845574883593e-10-4.48881714620001e-06j    -9.00000793024556e-10+4.48881711692568e-06j     1.30664096269205e-08-6.51696350203097e-05j     1.30641560542951e-08-6.51696350181536e-05j    -4.86460209860287e-09+2.42338836645616e-05j
printstep: 0
 NOevals (U) 
      7.99082308e-02     -1.06458215e-01     -6.94464775e-01      1.00210318e-01     -6.62149887e-01     -2.26970085e-01
     -4.03401105e-02      2.30702648e-01     -6.67194847e-01      2.09634223e-01      5.60300984e-01      3.76983156e-01
     -1.03426934e-01      6.89544769e-01     -1.17604768e-01     -6.57200534e-01     -1.00852111e-02     -2.60740764e-01
      2.23795795e-01      6.37993507e-01      2.07074208e-01      6.71126697e-01     -1.28945044e-01     -1.81554765e-01
      6.94922689e-01      1.14868014e-01      6.23521890e-02     -2.40926025e-01     -2.47902836e-01      6.16845876e-01
      6.69543216e-01     -1.99350379e-01     -1.09413477e-01     -7.51162413e-02      4.11626023e-01     -5.70018918e-01

 TD of global density matrix 
      1.52292458e-15     -2.50563049e-14     -9.69212549e-08      4.84420243e-10      9.69211796e-08     -1.50730961e-09
     -2.50563049e-14      1.06083341e-14      4.16077259e-14     -1.42425641e-07      4.31601444e-10      3.49713251e-14
     -9.69212549e-08      4.16077259e-14      3.92425554e-07     -9.81134636e-10     -7.53541495e-08      1.93822246e-09
      4.84420243e-10     -1.42425641e-07     -9.81134636e-10     -1.50708456e-07     -6.04251481e-10      3.14700818e-07
      9.69211796e-08      4.31601444e-10     -7.53541495e-08     -6.04251481e-10     -2.41717357e-07     -2.50805909e-14
     -1.50730961e-09      3.49713251e-14      1.93822246e-09      3.14700818e-07     -2.50805909e-14     -3.19465591e-15

 G 
     -8.30011072e-04      6.08659362e-10      1.34495882e-03     -2.28943231e-11     -8.44297874e-04     -1.78852339e-09
      6.08659362e-10     -3.72079199e-05     -8.71250938e-10      2.08523732e-04      1.26375985e-09      3.75748955e-04
      1.34495882e-03     -8.71250938e-10     -2.29147521e-03      5.24763536e-10      7.40035531e-04     -2.40700559e-11
     -2.28943230e-11      2.08523732e-04      5.24763537e-10      1.33145452e-03     -8.70308071e-10     -2.10564698e-03
     -8.44297874e-04      1.26375985e-09      7.40035531e-04     -8.70308071e-10      6.21486389e-04      6.08136110e-10
     -1.78852339e-09      3.75748955e-04     -2.40700561e-11     -2.10564698e-03      6.08136110e-10      1.20575329e-03

 TD of NO evals (U dot) 
      3.83165563e-08     -2.77210532e-08      8.77396787e-09     -2.02316348e-08      1.17478373e-08     -4.28513905e-08
     -1.57933661e-08     -4.54229725e-08     -1.47445091e-08      4.78292769e-08     -9.12047678e-09     -1.30539265e-08
     -4.99506488e-08      1.35896810e-07      8.13707567e-09      1.24886490e-07     -3.97265354e-08      6.37482685e-08
      9.11166112e-08     -9.60252797e-08      1.46741864e-08      7.71249825e-08     -3.46681778e-08      1.03054742e-07
     -7.62203508e-08     -4.52433254e-08     -3.69871018e-08     -5.85141436e-08      1.52909205e-09      7.56585074e-08
      3.51968294e-08      1.00909040e-07      3.29051442e-08     -1.05088932e-07      1.99583391e-08      2.85253219e-08

 TD of mean field density matrix 
     -1.12431018e-14      2.32919333e-15     -9.69211959e-08      4.84456788e-10      9.69211129e-08     -1.50728127e-09
      2.32919332e-15      7.16251549e-14      5.01458281e-14     -1.42425611e-07      4.31644161e-10     -2.04495046e-14
     -9.69211959e-08      5.01458280e-14      3.92425616e-07     -9.81170459e-10     -7.53540994e-08      1.93826997e-09
      4.84456788e-10     -1.42425611e-07     -9.81170459e-10     -1.50708380e-07     -6.04240172e-10      3.14700893e-07
      9.69211129e-08      4.31644161e-10     -7.53540994e-08     -6.04240172e-10     -2.41717282e-07      6.28575990e-16
     -1.50728127e-09     -2.04495046e-14      1.93826997e-09      3.14700893e-07      6.28575977e-16     -1.50337512e-14

 TD of rotmat 
    0.0000-0.0000j    0.0000-0.0000j    0.0000-0.0000j    0.0000-0.0000j    0.0000-0.0000j    0.0000-0.0000j
    0.0000-0.0000j    0.0000-0.0000j    0.0000-0.0000j    0.0000-0.0000j    0.0000-0.0000j    0.0000-0.0000j
    0.0000-0.0000j    0.0000-0.0000j   -0.0000+0.0011j    0.0000-0.0025j   -0.0000-0.0025j    0.0000+0.0011j
    0.0000-0.0000j    0.0000-0.0000j    0.0000-0.0017j    0.0000-0.0008j    0.0000+0.0008j    0.0000+0.0017j
    0.0000-0.0000j    0.0000-0.0000j    0.0000-0.0008j   -0.0000-0.0008j    0.0000-0.0008j   -0.0000-0.0008j
    0.0000-0.0000j    0.0000-0.0000j    0.0000+0.0006j    0.0000+0.0028j   -0.0000-0.0028j   -0.0000-0.0006j

 TD of rotmat 
    0.0000-0.0000j    0.0000-0.0000j   -0.0000+0.0028j   -0.0000-0.0022j    0.0000-0.0022j    0.0000+0.0028j
    0.0000-0.0000j    0.0000-0.0000j    0.0000-0.0022j    0.0000+0.0028j    0.0000-0.0028j    0.0000+0.0022j
    0.0000-0.0000j    0.0000-0.0000j    0.0000-0.0000j    0.0000-0.0000j    0.0000-0.0000j    0.0000-0.0000j
    0.0000-0.0000j    0.0000-0.0000j    0.0000-0.0000j    0.0000-0.0000j    0.0000-0.0000j    0.0000-0.0000j
    0.0000-0.0000j    0.0000-0.0000j    0.0000-0.0022j   -0.0000-0.0028j    0.0000-0.0028j   -0.0000-0.0022j
    0.0000-0.0000j    0.0000-0.0000j   -0.0000+0.0028j    0.0000+0.0022j    0.0000-0.0022j   -0.0000-0.0028j

 TD of rotmat 
    0.0000-0.0000j    0.0000-0.0000j    0.0000+0.0000j    0.0000-0.0011j   -0.0000-0.0011j   -0.0000+0.0000j
    0.0000-0.0000j    0.0000-0.0000j   -0.0000-0.0001j   -0.0000+0.0003j   -0.0000-0.0003j   -0.0000+0.0001j
    0.0000-0.0000j    0.0000-0.0000j   -0.0000+0.0000j   -0.0000+0.0014j    0.0000+0.0014j    0.0000+0.0000j
    0.0000-0.0000j    0.0000-0.0000j   -0.0000+0.0006j   -0.0000+0.0018j   -0.0000-0.0018j   -0.0000-0.0006j
    0.0000-0.0000j    0.0000-0.0000j    0.0000-0.0000j    0.0000-0.0000j    0.0000-0.0000j    0.0000-0.0000j
    0.0000-0.0000j    0.0000-0.0000j    0.0000-0.0000j    0.0000-0.0000j    0.0000-0.0000j    0.0000-0.0000j

 TD of CI 
    -4.89415934639920e-09+2.42923099590334e-05j     9.06631643645340e-10-4.50411381812636e-06j    -9.06631642439906e-10+4.50411378307095e-06j     1.31626777294437e-08-6.53917154279149e-05j     1.31626777294240e-08-6.53917154256932e-05j    -4.87670312593611e-09+2.42489490191711e-05j
     9.06631643645339e-10-4.50411381812636e-06j    -1.67951136708999e-10+8.35121284594072e-07j     1.67951136485298e-10-8.35121278088482e-07j    -2.43835156459362e-09+1.21244745570165e-05j    -2.43835156458997e-09+1.21244745566042e-05j     9.03395033339869e-10-4.49606694782343e-06j
    -9.06631642439906e-10+4.50411378307095e-06j     1.67951136485298e-10-8.35121278088482e-07j    -1.67951136261636e-10+8.35121271582892e-07j     2.43835156134614e-09-1.21244744625669e-05j     2.43835156134253e-09-1.21244744621546e-05j    -9.03395032134664e-10+4.49606691276747e-06j
     1.31626777294437e-08-6.53917154279149e-05j    -2.43835156459362e-09+1.21244745570165e-05j     2.43835156134614e-09-1.21244744625669e-05j    -3.54005246350789e-08+1.76025789302203e-04j    -3.54005246350263e-08+1.76025789296217e-04j     1.31156879087141e-08-6.52748891938903e-05j
     1.31626777294240e-08-6.53917154256933e-05j    -2.43835156458997e-09+1.21244745566042e-05j     2.43835156134253e-09-1.21244744621546e-05j    -3.54005246350263e-08+1.76025789296217e-04j    -3.54005246349736e-08+1.76025789290230e-04j     1.31156879086947e-08-6.52748891916681e-05j
    -4.87670312593611e-09+2.42489490191711e-05j     9.03395033339869e-10-4.49606694782343e-06j    -9.03395032134664e-10+4.49606691276747e-06j     1.31156879087141e-08-6.52748891938903e-05j     1.31156879086947e-08-6.52748891916681e-05j    -4.85927809206168e-09+2.42055880792932e-05j

 TD of CI 
    -1.22144316185240e-08+4.84394696419477e-05j    -2.99980513007220e-09+1.18919399474157e-05j     2.99304660663980e-09-1.18801556431784e-05j    -2.48793089178923e-08+9.86543082674986e-05j    -2.48367715003336e-08+9.85565468769104e-05j    -1.21962668097018e-08+4.83914685957442e-05j
    -2.99980513007220e-09+1.18919399474157e-05j    -7.36737474002483e-10+2.91948356904544e-06j     7.35078249502516e-10-2.91659051015453e-06j    -6.11023727260536e-09+2.42197348183798e-05j    -6.09979429255436e-09+2.41957342957750e-05j    -2.99534565069975e-09+1.18801556408758e-05j
     2.99304660663980e-09-1.18801556431784e-05j     7.35078249502516e-10-2.91659051015453e-06j    -7.33420471532184e-10+2.91369745126250e-06j     6.09647251714747e-09-2.41957342999692e-05j     6.08604153735819e-09-2.41717337773568e-05j     2.98859301942088e-09-1.18683713366351e-05j
    -2.48793089178923e-08+9.86543082674986e-05j    -6.11023727260536e-09+2.42197348183798e-05j     6.09647251714747e-09-2.41957342999692e-05j    -5.06761201736665e-08+2.00924424063271e-04j    -5.05894862873801e-08+2.00725318201151e-04j    -2.48423135365967e-08+9.85565468748923e-05j
    -2.48367715003336e-08+9.85565468769104e-05j    -6.09979429255436e-09+2.41957342957750e-05j     6.08604153735819e-09-2.41717337773568e-05j    -5.05894862873801e-08+2.00725318201151e-04j    -5.05029519540342e-08+2.00526212338981e-04j    -2.47998249997389e-08+9.84587854842829e-05j
    -1.21962668097018e-08+4.83914685957442e-05j    -2.99534565069975e-09+1.18801556408758e-05j     2.98859301942088e-09-1.18683713366351e-05j    -2.48423135365967e-08+9.85565468748923e-05j    -2.47998249997389e-08+9.84587854842829e-05j    -1.21781260014054e-08+4.83434675495316e-05j

 TD of CI 
    -4.80351533929876e-09+2.40511587133682e-05j     8.94177368573308e-10-4.47186209045855e-06j    -8.94332592658494e-10+4.47186211960137e-06j     1.29841174065904e-08-6.49234782110641e-05j     1.29818638343223e-08-6.49234782140519e-05j    -4.83398949200399e-09+2.41425207017023e-05j
     8.94177368573308e-10-4.47186209045855e-06j    -1.66451294700842e-10+8.31455936403332e-07j     1.66480100996949e-10-8.31455941811824e-07j    -2.41699474552380e-09+1.20712603113128e-05j    -2.41657653033246e-09+1.20712603118678e-05j     8.99845571588266e-10-4.48881693674918e-06j
    -8.94332592658494e-10+4.47186211960138e-06j     1.66480100996949e-10-8.31455941811824e-07j    -1.66508907293223e-10+8.31455947220317e-07j     2.41741296167153e-09-1.20712603898345e-05j     2.41699474648036e-09-1.20712603903895e-05j    -9.00000795672352e-10+4.48881696589419e-06j
     1.29841174065904e-08-6.49234782110641e-05j    -2.41699474552380e-09+1.20712603113128e-05j     2.41741296167153e-09-1.20712603898345e-05j    -3.50965334062763e-08+1.75253214420241e-04j    -3.50904616660885e-08+1.75253214428299e-04j     1.30664096254172e-08-6.51696324009634e-05j
     1.29818638343223e-08-6.49234782140519e-05j    -2.41657653033246e-09+1.20712603118678e-05j     2.41699474648036e-09-1.20712603903895e-05j    -3.50904616660885e-08+1.75253214428299e-04j    -3.50843899259008e-08+1.75253214436357e-04j     1.30641560531490e-08-6.51696324039570e-05j
    -4.83398949200399e-09+2.41425207017023e-05j     8.99845571588266e-10-4.48881693674918e-06j    -9.00000795672352e-10+4.48881696589419e-06j     1.30664096254172e-08-6.51696324009634e-05j     1.30641560531490e-08-6.51696324039570e-05j    -4.86460209745902e-09+2.42338826899854e-05j
printstep: 0
 NOevals (U) 
      7.99082308e-02     -1.06458215e-01     -6.94464775e-01      1.00210318e-01     -6.62149887e-01     -2.26970085e-01
     -4.03401105e-02      2.30702648e-01     -6.67194847e-01      2.09634223e-01      5.60300984e-01      3.76983156e-01
     -1.03426934e-01      6.89544769e-01     -1.17604768e-01     -6.57200534e-01     -1.00852111e-02     -2.60740764e-01
      2.23795795e-01      6.37993507e-01      2.07074208e-01      6.71126697e-01     -1.28945044e-01     -1.81554765e-01
      6.94922689e-01      1.14868014e-01      6.23521890e-02     -2.40926025e-01     -2.47902836e-01      6.16845876e-01
      6.69543216e-01     -1.99350379e-01     -1.09413477e-01     -7.51162413e-02      4.11626023e-01     -5.70018918e-01

 TD of global density matrix 
     -2.07635558e-15      5.01048014e-14     -1.93842015e-07      9.69597661e-10      1.93842172e-07     -3.01371290e-09
      5.01048014e-14     -3.74416012e-15     -8.32134701e-14     -2.84851330e-07      8.62153807e-10     -7.62118802e-14
     -1.93842015e-07     -8.32134701e-14      7.84851543e-07     -1.96198730e-09     -1.50708319e-07      3.87723014e-09
      9.69597661e-10     -2.84851330e-07     -1.96198730e-09     -3.01416336e-07     -1.20867051e-09      6.29402116e-07
      1.93842172e-07      8.62153807e-10     -1.50708319e-07     -1.20867051e-09     -4.83434697e-07      5.01322977e-14
     -3.01371290e-09     -7.62118802e-14      3.87723014e-09      6.29402116e-07      5.01322977e-14      8.24752593e-16

 G 
     -8.30008111e-04      3.90814666e-16      1.34495958e-03     -4.05563198e-14     -8.44298633e-04     -1.23687642e-13
      3.90808159e-16     -3.72107797e-05      4.81355506e-15      2.08524521e-04      6.53469977e-14      3.75748247e-04
      1.34495958e-03      4.81364657e-15     -2.29147541e-03     -4.55204864e-14      7.40036365e-04      1.93808123e-13
     -4.05563753e-14      2.08524521e-04     -4.55202960e-14      1.33145441e-03     -1.43343196e-13     -2.10564634e-03
     -8.44298633e-04      6.53469359e-14      7.40036365e-04     -1.43343135e-13      6.21483525e-04      5.29798201e-14
     -1.23687669e-13      3.75748247e-04      1.93808399e-13     -2.10564634e-03      5.29798301e-14      1.20575636e-03

 TD of NO evals (U dot) 
      7.66334596e-08     -5.54419091e-08      1.75479294e-08     -4.04633540e-08      2.34955771e-08     -8.57024846e-08
     -3.15871321e-08     -9.08461851e-08     -2.94889703e-08      9.56584358e-08     -1.82410591e-08     -2.61074417e-08
     -9.99011120e-08      2.71793708e-07      1.62741284e-08      2.49772902e-07     -7.94530539e-08      1.27496901e-07
      1.82233252e-07     -1.92050408e-07      2.93482123e-08      1.54249982e-07     -6.93361506e-08      2.06109787e-07
     -1.52440784e-07     -9.04869479e-08     -7.39738400e-08     -1.17028191e-07      3.05850150e-09      1.51317291e-07
      7.03936971e-08      2.01818312e-07      6.58099639e-08     -2.10177778e-07      3.99169205e-08      5.70508331e-08

 TD of mean field density matrix 
      2.27543514e-14     -3.52236878e-15     -1.93842147e-07      9.69514218e-10      1.93842298e-07     -3.01376741e-09
     -3.52236876e-15     -1.41371112e-13     -1.02768195e-13     -2.84851407e-07      8.62067768e-10      4.66455391e-14
     -1.93842147e-07     -1.02768195e-13      7.84851406e-07     -1.96191532e-09     -1.50708401e-07      3.87714606e-09
      9.69514218e-10     -2.84851407e-07     -1.96191532e-09     -3.01416479e-07     -1.20869065e-09      6.29401980e-07
      1.93842298e-07      8.62067768e-10     -1.50708401e-07     -1.20869065e-09     -4.83434838e-07     -3.13211044e-15
     -3.01376741e-09      4.66455391e-14      3.87714606e-09      6.29401980e-07     -3.13211036e-15      2.85642504e-14

 TD of rotmat 
    0.0000-0.0000j    0.0000-0.0000j    0.0000-0.0000j    0.0000-0.0000j    0.0000-0.0000j    0.0000-0.0000j
    0.0000-0.0000j    0.0000-0.0000j    0.0000-0.0000j    0.0000-0.0000j    0.0000-0.0000j    0.0000-0.0000j
    0.0000-0.0000j    0.0000-0.0000j   -0.0000+0.0011j    0.0000-0.0025j   -0.0000-0.0025j    0.0000+0.0011j
    0.0000-0.0000j    0.0000-0.0000j    0.0000-0.0017j    0.0000-0.0008j    0.0000+0.0008j    0.0000+0.0017j
    0.0000-0.0000j    0.0000-0.0000j    0.0000-0.0008j   -0.0000-0.0008j    0.0000-0.0008j   -0.0000-0.0008j
    0.0000-0.0000j    0.0000-0.0000j    0.0000+0.0006j    0.0000+0.0028j   -0.0000-0.0028j   -0.0000-0.0006j

 TD of rotmat 
    0.0000-0.0000j    0.0000-0.0000j   -0.0000+0.0028j   -0.0000-0.0022j    0.0000-0.0022j    0.0000+0.0028j
    0.0000-0.0000j    0.0000-0.0000j    0.0000-0.0022j    0.0000+0.0028j    0.0000-0.0028j    0.0000+0.0022j
    0.0000-0.0000j    0.0000-0.0000j    0.0000-0.0000j    0.0000-0.0000j    0.0000-0.0000j    0.0000-0.0000j
    0.0000-0.0000j    0.0000-0.0000j    0.0000-0.0000j    0.0000-0.0000j    0.0000-0.0000j    0.0000-0.0000j
    0.0000-0.0000j    0.0000-0.0000j    0.0000-0.0022j   -0.0000-0.0028j    0.0000-0.0028j   -0.0000-0.0022j
    0.0000-0.0000j    0.0000-0.0000j   -0.0000+0.0028j    0.0000+0.0022j    0.0000-0.0022j   -0.0000-0.0028j

 TD of rotmat 
    0.0000-0.0000j    0.0000-0.0000j    0.0000+0.0000j    0.0000-0.0011j   -0.0000-0.0011j   -0.0000+0.0000j
    0.0000-0.0000j    0.0000-0.0000j   -0.0000-0.0001j   -0.0000+0.0003j   -0.0000-0.0003j   -0.0000+0.0001j
    0.0000-0.0000j    0.0000-0.0000j   -0.0000+0.0000j   -0.0000+0.0014j    0.0000+0.0014j    0.0000+0.0000j
    0.0000-0.0000j    0.0000-0.0000j   -0.0000+0.0006j   -0.0000+0.0018j   -0.0000-0.0018j   -0.0000-0.0006j
    0.0000-0.0000j    0.0000-0.0000j    0.0000-0.0000j    0.0000-0.0000j    0.0000-0.0000j    0.0000-0.0000j
    0.0000-0.0000j    0.0000-0.0000j    0.0000-0.0000j    0.0000-0.0000j    0.0000-0.0000j    0.0000-0.0000j

 TD of CI 
    -9.78831830113209e-09+2.42923089723458e-05j     1.81326322004974e-09-4.50411361804159e-06j    -1.81326320795858e-09+4.50411361802908e-06j     2.63253543994273e-08-6.53917127763981e-05j     2.63253543983361e-08-6.53917127762174e-05j    -9.75340586170267e-09+2.42489480383504e-05j
     1.81326322004974e-09-4.50411361804159e-06j    -3.35902261947424e-10+8.35121244311868e-07j     3.35902259705918e-10-8.35121244309547e-07j    -4.87670294722409e-09+1.21244740192088e-05j    -4.87670294702176e-09+1.21244740191753e-05j     1.80678999970364e-09-4.49606674882511e-06j
    -1.81326320795858e-09+4.50411361802908e-06j     3.35902259705918e-10-8.35121244309547e-07j    -3.35902257464337e-10+8.35121244307227e-07j     4.87670291468091e-09-1.21244740191751e-05j     4.87670291447850e-09-1.21244740191416e-05j    -1.80678998763747e-09+4.49606674881260e-06j
     2.63253543994273e-08-6.53917127763981e-05j    -4.87670294722409e-09+1.21244740192088e-05j     4.87670291468091e-09-1.21244740191751e-05j    -7.08010464043420e-08+1.76025782176813e-04j    -7.08010464014039e-08+1.76025782176326e-04j     2.62313747619907e-08-6.52748865581506e-05j
     2.63253543983361e-08-6.53917127762174e-05j    -4.87670294702176e-09+1.21244740191753e-05j     4.87670291447850e-09-1.21244740191416e-05j    -7.08010464014039e-08+1.76025782176326e-04j    -7.08010463984657e-08+1.76025782175839e-04j     2.62313747609010e-08-6.52748865579698e-05j
