printstep: 0
 NOevals (U) 
      7.99082308e-02     -1.06458215e-01     -6.94464775e-01      1.00210318e-01     -6.62149887e-01     -2.26970085e-01
     -4.03401105e-02      2.30702648e-01     -6.67194847e-01      2.09634223e-01      5.60300984e-01      3.76983156e-01
     -1.03426934e-01      6.89544769e-01     -1.17604768e-01     -6.57200534e-01     -1.00852111e-02     -2.60740764e-01
      2.23795795e-01      6.37993507e-01      2.07074208e-01      6.71126697e-01     -1.28945044e-01     -1.81554765e-01
      6.94922689e-01      1.14868014e-01      6.23521890e-02     -2.40926025e-01     -2.47902836e-01      6.16845876e-01
      6.69543216e-01     -1.99350379e-01     -1.09413477e-01     -7.51162413e-02      4.11626023e-01     -5.70018918e-01

 TD of global density matrix 
      0.00000000e+00      0.00000000e+00      0.00000000e+00      0.00000000e+00      0.00000000e+00      0.00000000e+00
      0.00000000e+00      0.00000000e+00      0.00000000e+00      0.00000000e+00      0.00000000e+00      0.00000000e+00
      0.00000000e+00      0.00000000e+00      0.00000000e+00      0.00000000e+00      0.00000000e+00      0.00000000e+00
      0.00000000e+00      0.00000000e+00      0.00000000e+00      0.00000000e+00      0.00000000e+00      0.00000000e+00
      0.00000000e+00      0.00000000e+00      0.00000000e+00      0.00000000e+00      0.00000000e+00      0.00000000e+00
      0.00000000e+00      0.00000000e+00      0.00000000e+00      0.00000000e+00      0.00000000e+00      0.00000000e+00

 G 
     -7.51496488e-03      2.13471041e-16      1.52137358e-02     -3.69217781e-16      9.37100793e-03     -1.06201138e-15
      2.13977464e-16      2.89134000e-16     -1.73040951e-16      4.41175441e-16      1.17659468e-15     -7.47939258e-16
      1.52137358e-02     -1.74934410e-16     -3.07995794e-02     -1.04627798e-16     -1.89712183e-02     -4.51876495e-16
     -3.70529145e-16      4.41008469e-16     -1.06312008e-16      5.00000000e-02     -6.47045699e-17      7.44181594e-18
      9.37100793e-03      1.17773988e-15     -1.89712183e-02     -6.23911652e-17     -1.16854558e-02      1.66561807e-16
     -1.06241644e-15     -7.48399446e-16     -4.50617396e-16      5.53732289e-18      1.66957975e-16      6.51358710e-16

 TD of NO evals (U dot) 
      0.00000000e+00      0.00000000e+00      0.00000000e+00      0.00000000e+00      0.00000000e+00      0.00000000e+00
      0.00000000e+00      0.00000000e+00      0.00000000e+00      0.00000000e+00      0.00000000e+00      0.00000000e+00
      0.00000000e+00      0.00000000e+00      0.00000000e+00      0.00000000e+00      0.00000000e+00      0.00000000e+00
      0.00000000e+00      0.00000000e+00      0.00000000e+00      0.00000000e+00      0.00000000e+00      0.00000000e+00
      0.00000000e+00      0.00000000e+00      0.00000000e+00      0.00000000e+00      0.00000000e+00      0.00000000e+00
      0.00000000e+00      0.00000000e+00      0.00000000e+00      0.00000000e+00      0.00000000e+00      0.00000000e+00

 TD of mean field density matrix 
      0.00000000e+00      0.00000000e+00      0.00000000e+00      0.00000000e+00      0.00000000e+00      0.00000000e+00
      0.00000000e+00      0.00000000e+00      0.00000000e+00      0.00000000e+00      0.00000000e+00      0.00000000e+00
      0.00000000e+00      0.00000000e+00      0.00000000e+00      0.00000000e+00      0.00000000e+00      0.00000000e+00
      0.00000000e+00      0.00000000e+00      0.00000000e+00      0.00000000e+00      0.00000000e+00      0.00000000e+00
      0.00000000e+00      0.00000000e+00      0.00000000e+00      0.00000000e+00      0.00000000e+00      0.00000000e+00
      0.00000000e+00      0.00000000e+00      0.00000000e+00      0.00000000e+00      0.00000000e+00      0.00000000e+00

 TD of rotmat 
    0.0000-0.0000j    0.0000-0.0000j    0.0000-0.0000j    0.0000-0.0000j    0.0000-0.0000j    0.0000-0.0000j
    0.0000-0.0000j    0.0000-0.0000j    0.0000-0.0000j    0.0000-0.0000j    0.0000-0.0000j    0.0000-0.0000j
    0.0000-0.0000j    0.0000-0.0000j    0.0000+0.0023j    0.0000-0.0217j    0.0000-0.0217j    0.0000+0.0023j
    0.0000-0.0000j    0.0000-0.0000j    0.0000+0.0352j    0.0000-0.0384j    0.0000+0.0384j    0.0000-0.0352j
    0.0000-0.0000j    0.0000-0.0000j    0.0000+0.0131j    0.0000+0.0039j    0.0000+0.0039j    0.0000+0.0131j
    0.0000-0.0000j    0.0000-0.0000j    0.0000-0.0105j    0.0000-0.0135j    0.0000+0.0135j    0.0000+0.0105j

 TD of rotmat 
    0.0000-0.0000j    0.0000-0.0000j    0.0000-0.0000j    0.0000-0.0000j    0.0000+0.0000j    0.0000-0.0000j
    0.0000-0.0000j    0.0000-0.0000j    0.0000-0.0000j    0.0000-0.0000j    0.0000+0.0000j    0.0000-0.0000j
    0.0000-0.0000j    0.0000-0.0000j    0.0000-0.0000j    0.0000-0.0000j    0.0000-0.0000j    0.0000-0.0000j
    0.0000-0.0000j    0.0000-0.0000j    0.0000-0.0000j    0.0000-0.0000j    0.0000-0.0000j    0.0000-0.0000j
    0.0000-0.0000j    0.0000-0.0000j    0.0000+0.0000j    0.0000+0.0000j    0.0000+0.0000j    0.0000-0.0000j
    0.0000-0.0000j    0.0000-0.0000j    0.0000+0.0000j    0.0000-0.0000j    0.0000-0.0000j    0.0000+0.0000j

 TD of rotmat 
    0.0000-0.0000j    0.0000-0.0000j    0.0000+0.0009j    0.0000-0.0210j    0.0000-0.0210j    0.0000+0.0009j
    0.0000-0.0000j    0.0000-0.0000j    0.0000-0.0011j    0.0000+0.0060j    0.0000-0.0060j    0.0000+0.0011j
    0.0000-0.0000j    0.0000-0.0000j    0.0000+0.0007j    0.0000+0.0271j    0.0000+0.0271j    0.0000+0.0007j
    0.0000-0.0000j    0.0000-0.0000j    0.0000+0.0122j    0.0000+0.0359j    0.0000-0.0359j    0.0000-0.0122j
    0.0000-0.0000j    0.0000-0.0000j    0.0000-0.0000j    0.0000-0.0000j    0.0000-0.0000j    0.0000-0.0000j
    0.0000-0.0000j    0.0000-0.0000j    0.0000-0.0000j    0.0000-0.0000j    0.0000-0.0000j    0.0000-0.0000j

 TD of CI 
     0.00000000000000e+00+2.41717353090014e-05j     0.00000000000000e+00-4.15714277131490e-06j     0.00000000000000e+00+4.78810890200763e-06j     0.00000000000000e+00-6.49128360888510e-05j     0.00000000000000e+00-6.49562963840645e-05j     0.00000000000000e+00+2.40301749138579e-05j
     0.00000000000000e+00-4.15714277131490e-06j     0.00000000000000e+00-2.64435263781187e-08j     0.00000000000000e+00-1.67355183965620e-06j     0.00000000000000e+00+1.18979935324290e-05j     0.00000000000000e+00+1.20150874569290e-05j     0.00000000000000e+00-4.71837800142444e-06j
     0.00000000000000e+00+4.78810890200763e-06j     0.00000000000000e+00-1.67355183965620e-06j     0.00000000000000e+00-2.64435263781342e-08j     0.00000000000000e+00-1.20150874569289e-05j     0.00000000000000e+00-1.18979935324289e-05j     0.00000000000000e+00+4.08741187073162e-06j
     0.00000000000000e+00-6.49128360888510e-05j     0.00000000000000e+00+1.18979935324290e-05j     0.00000000000000e+00-1.20150874569289e-05j     0.00000000000000e+00+1.73583653654444e-04j     0.00000000000000e+00+1.73591718962991e-04j     0.00000000000000e+00-6.39439278229532e-05j
     0.00000000000000e+00-6.49562963840645e-05j     0.00000000000000e+00+1.20150874569290e-05j     0.00000000000000e+00-1.18979935324289e-05j     0.00000000000000e+00+1.73591718962991e-04j     0.00000000000000e+00+1.73583653654444e-04j     0.00000000000000e+00-6.39004675277397e-05j
     0.00000000000000e+00+2.40301749138579e-05j     0.00000000000000e+00-4.71837800142444e-06j     0.00000000000000e+00+4.08741187073162e-06j     0.00000000000000e+00-6.39439278229532e-05j     0.00000000000000e+00-6.39004675277397e-05j     0.00000000000000e+00+2.34202388207145e-05j

 TD of CI 
     0.00000000000000e+00+4.64234285540190e-05j     0.00000000000000e+00+1.18683720887970e-05j     0.00000000000000e+00-1.13969997741867e-05j     0.00000000000000e+00+9.84587917326830e-05j     0.00000000000000e+00+9.45483355887799e-05j     0.00000000000000e+00+4.83434706180028e-05j
     0.00000000000000e+00+1.18683720887970e-05j     0.00000000000000e+00+2.91369763563646e-06j     0.00000000000000e+00-2.91369763563645e-06j     0.00000000000000e+00+2.41717353090014e-05j     0.00000000000000e+00+2.41717353090014e-05j     0.00000000000000e+00+1.18683720887970e-05j
     0.00000000000000e+00-1.13969997741867e-05j     0.00000000000000e+00-2.91369763563645e-06j     0.00000000000000e+00+2.79797524436757e-06j     0.00000000000000e+00-2.41717353090014e-05j     0.00000000000000e+00-2.32117142770095e-05j     0.00000000000000e+00-1.18683720887970e-05j
     0.00000000000000e+00+9.84587917326830e-05j     0.00000000000000e+00+2.41717353090014e-05j     0.00000000000000e+00-2.41717353090014e-05j     0.00000000000000e+00+2.00526225062746e-04j     0.00000000000000e+00+2.00526225062746e-04j     0.00000000000000e+00+9.84587917326830e-05j
     0.00000000000000e+00+9.45483355887799e-05j     0.00000000000000e+00+2.41717353090014e-05j     0.00000000000000e+00-2.32117142770095e-05j     0.00000000000000e+00+2.00526225062746e-04j     0.00000000000000e+00+1.92561989517998e-04j     0.00000000000000e+00+9.84587917326830e-05j
     0.00000000000000e+00+4.83434706180028e-05j     0.00000000000000e+00+1.18683720887970e-05j     0.00000000000000e+00-1.18683720887970e-05j     0.00000000000000e+00+9.84587917326830e-05j     0.00000000000000e+00+9.84587917326830e-05j     0.00000000000000e+00+4.83434706180028e-05j

 TD of CI 
     0.00000000000000e+00+2.41717353090014e-05j     0.00000000000000e+00-3.72128317378884e-06j     0.00000000000000e+00+5.24689289546287e-06j     0.00000000000000e+00-6.50484357383798e-05j     0.00000000000000e+00-6.51535181598589e-05j     0.00000000000000e+00+2.41537041017272e-05j
     0.00000000000000e+00-3.72128317378884e-06j     0.00000000000000e+00-1.23311441287788e-06j     0.00000000000000e+00-2.87729553000653e-06j     0.00000000000000e+00+1.17937312605766e-05j     0.00000000000000e+00+1.20768520508637e-05j     0.00000000000000e+00-5.13846426454329e-06j
     0.00000000000000e+00+5.24689289546287e-06j     0.00000000000000e+00-2.87729553000653e-06j     0.00000000000000e+00-1.23311441287792e-06j     0.00000000000000e+00-1.20768520508635e-05j     0.00000000000000e+00-1.17937312605764e-05j     0.00000000000000e+00+3.61285454286908e-06j
     0.00000000000000e+00-6.50484357383798e-05j     0.00000000000000e+00+1.17937312605766e-05j     0.00000000000000e+00-1.20768520508635e-05j     0.00000000000000e+00+1.73269440454480e-04j     0.00000000000000e+00+1.73288941522015e-04j     0.00000000000000e+00-6.35793274330894e-05j
     0.00000000000000e+00-6.51535181598589e-05j     0.00000000000000e+00+1.20768520508637e-05j     0.00000000000000e+00-1.17937312605764e-05j     0.00000000000000e+00+1.73288941522015e-04j     0.00000000000000e+00+1.73269440454480e-04j     0.00000000000000e+00-6.34742450116103e-05j
     0.00000000000000e+00+2.41537041017272e-05j     0.00000000000000e+00-5.13846426454329e-06j     0.00000000000000e+00+3.61285454286908e-06j     0.00000000000000e+00-6.35793274330894e-05j     0.00000000000000e+00-6.34742450116103e-05j     0.00000000000000e+00+2.30031897333046e-05j
printstep: 0
 NOevals (U) 
      7.99082308e-02     -1.06458215e-01     -6.94464775e-01      1.00210318e-01     -6.62149887e-01     -2.26970085e-01
     -4.03401105e-02      2.30702648e-01     -6.67194847e-01      2.09634223e-01      5.60300984e-01      3.76983156e-01
     -1.03426934e-01      6.89544769e-01     -1.17604768e-01     -6.57200534e-01     -1.00852111e-02     -2.60740764e-01
      2.23795795e-01      6.37993507e-01      2.07074208e-01      6.71126697e-01     -1.28945044e-01     -1.81554765e-01
      6.94922689e-01      1.14868014e-01      6.23521890e-02     -2.40926025e-01     -2.47902836e-01      6.16845876e-01
      6.69543216e-01     -1.99350379e-01     -1.09413477e-01     -7.51162413e-02      4.11626023e-01     -5.70018918e-01

 TD of global density matrix 
      1.62630326e-19      2.02535142e-16     -1.93842268e-06      3.14228409e-07     -1.93842274e-06     -2.76789099e-16
      2.02535142e-16     -5.92573317e-14      7.83069188e-17     -1.98583396e-06     -1.66382162e-14      1.18809784e-14
     -1.93842268e-06      7.83069188e-17      7.84851315e-06     -7.84851315e-07      6.34143018e-06     -1.08153587e-16
      3.14228409e-07     -1.98583396e-06     -7.84851315e-07     -1.26828602e-05     -4.72587036e-07     -2.41717354e-06
     -1.93842274e-06     -1.66382162e-14      6.34143018e-06     -4.72587036e-07      4.83434716e-06     -5.20623796e-16
     -2.76789099e-16      1.18809784e-14     -1.08153587e-16     -2.41717354e-06     -5.20623796e-16      0.00000000e+00

 G 
     -7.51496230e-03     -5.94522294e-10      1.52137370e-02      3.44040422e-11      9.37100752e-03      1.75456473e-09
     -5.94522294e-10     -2.73812208e-09      8.49294374e-10      6.96990371e-10     -1.24404793e-09     -7.37378483e-10
      1.52137370e-02      8.49294373e-10     -3.07995805e-02     -5.35459489e-10     -1.89712179e-02      2.55326087e-11
      3.44040383e-11      6.96990371e-10     -5.35459485e-10      5.00000013e-02      8.31315729e-10      4.84249625e-10
      9.37100752e-03     -1.24404793e-09     -1.89712179e-02      8.31315729e-10     -1.16854587e-02     -5.95735153e-10
      1.75456473e-09     -7.37378482e-10      2.55326075e-11      4.84249627e-10     -5.95735153e-10      2.93403020e-09

 TD of NO evals (U dot) 
     -5.66387194e-07     -7.59565893e-07      6.47933940e-08     -8.91639795e-07     -2.41710634e-07      3.52869735e-07
     -2.18578160e-07     -6.23119170e-07     -2.02246419e-07      6.77266264e-07     -1.30124649e-07     -1.83215642e-07
      1.69779684e-06      3.10897472e-06      3.78815515e-07      3.50785525e-06      1.62176771e-07     -1.17500677e-06
     -2.21777613e-06     -4.11678886e-06     -5.33149628e-07      4.28621281e-06      2.41839885e-07     -1.44753720e-06
      1.26124486e-06      2.52926737e-06      4.32709146e-07      2.80322183e-06     -2.35574763e-08     -8.97573421e-07
     -2.69766576e-07     -7.69046283e-07     -2.49610151e-07      8.13244201e-07     -1.56250396e-07     -2.20000725e-07

 TD of mean field density matrix 
      2.67642019e-14     -1.25851690e-08     -1.93842267e-06      1.63650980e-07     -1.93842270e-06     -2.46008674e-09
     -1.25851690e-08     -2.73402832e-14      2.54781529e-08     -1.98583389e-06      1.56934402e-08      1.72636782e-14
     -1.93842267e-06      2.54781529e-08      7.84851318e-06     -4.05659023e-07      6.34143012e-06      4.98035991e-09
      1.63650980e-07     -1.98583389e-06     -4.05659023e-07     -1.26828603e-05     -2.44444679e-07     -2.41717355e-06
     -1.93842270e-06      1.56934402e-08      6.34143012e-06     -2.44444679e-07      4.83434708e-06      3.06768510e-09
     -2.46008674e-09      1.72636780e-14      4.98035991e-09     -2.41717355e-06      3.06768510e-09      6.13719868e-15

 TD of rotmat 
    0.0000-0.0000j    0.0000-0.0000j    0.0000-0.0000j    0.0000-0.0000j    0.0000-0.0000j    0.0000-0.0000j
    0.0000-0.0000j    0.0000-0.0000j    0.0000-0.0000j    0.0000-0.0000j    0.0000-0.0000j    0.0000-0.0000j
    0.0000-0.0000j    0.0000-0.0000j   -0.0000+0.0023j    0.0000-0.0217j   -0.0000-0.0217j    0.0000+0.0023j
    0.0000-0.0000j    0.0000-0.0000j   -0.0000+0.0352j    0.0000-0.0384j    0.0000+0.0384j   -0.0000-0.0352j
    0.0000-0.0000j    0.0000-0.0000j   -0.0000+0.0131j    0.0000+0.0039j   -0.0000+0.0039j    0.0000+0.0131j
    0.0000-0.0000j    0.0000-0.0000j   -0.0000-0.0105j    0.0000-0.0135j   -0.0000+0.0135j    0.0000+0.0105j

 TD of rotmat 
    0.0000-0.0000j    0.0000-0.0000j    0.0000-0.0000j    0.0000+0.0000j   -0.0000+0.0000j   -0.0000-0.0000j
    0.0000-0.0000j    0.0000-0.0000j   -0.0000-0.0000j   -0.0000+0.0000j   -0.0000-0.0000j   -0.0000+0.0000j
    0.0000-0.0000j    0.0000-0.0000j    0.0000-0.0000j    0.0000-0.0000j    0.0000-0.0000j    0.0000-0.0000j
    0.0000-0.0000j    0.0000-0.0000j    0.0000-0.0000j    0.0000-0.0000j    0.0000-0.0000j    0.0000-0.0000j
    0.0000-0.0000j    0.0000-0.0000j   -0.0000+0.0000j    0.0000+0.0000j   -0.0000+0.0000j    0.0000+0.0000j
    0.0000-0.0000j    0.0000-0.0000j    0.0000+0.0000j   -0.0000+0.0000j   -0.0000-0.0000j    0.0000-0.0000j

 TD of rotmat 
    0.0000-0.0000j    0.0000-0.0000j   -0.0000+0.0009j   -0.0000-0.0210j    0.0000-0.0210j    0.0000+0.0009j
    0.0000-0.0000j    0.0000-0.0000j    0.0000-0.0011j    0.0000+0.0060j    0.0000-0.0060j    0.0000+0.0011j
    0.0000-0.0000j    0.0000-0.0000j    0.0000+0.0007j   -0.0000+0.0271j    0.0000+0.0271j   -0.0000+0.0007j
    0.0000-0.0000j    0.0000-0.0000j   -0.0000+0.0122j   -0.0000+0.0359j   -0.0000-0.0359j   -0.0000-0.0122j
    0.0000-0.0000j    0.0000-0.0000j    0.0000-0.0000j    0.0000-0.0000j    0.0000-0.0000j    0.0000-0.0000j
    0.0000-0.0000j    0.0000-0.0000j    0.0000-0.0000j    0.0000-0.0000j    0.0000-0.0000j    0.0000-0.0000j

 TD of CI 
    -4.84569530149885e-09+2.41717353015098e-05j     7.91446899439895e-10-4.15714273897178e-06j    -9.96594258546861e-10+4.78810893297859e-06j     1.29692787890283e-08-6.49128360777722e-05j     1.29898962564056e-08-6.49562963749126e-05j    -4.78910442010207e-09+2.40301749139125e-05j
     7.91446899439895e-10-4.15714273897178e-06j     4.69402386425265e-11-2.64435381966585e-08j     3.73609707320923e-10-1.67355183968121e-06j    -2.34810704678922e-09+1.18979934468213e-05j    -2.39455219320803e-09+1.20150873716889e-05j     9.66969307482791e-10-4.71837797047300e-06j
    -9.96594258546861e-10+4.78810893297859e-06j     3.73609707320923e-10-1.67355183968121e-06j     4.69402339782593e-11-2.64435145901493e-08j     2.39455222689404e-09-1.20150875422237e-05j     2.34810708082006e-09-1.18979936180858e-05j    -7.65754516324032e-10+4.08741190310511e-06j
     1.29692787890283e-08-6.49128360777722e-05j    -2.34810704678922e-09+1.18979934468213e-05j     2.39455222689404e-09-1.20150875422237e-05j    -3.44252840672734e-08+1.73583653648908e-04j    -3.44296870369792e-08+1.73591718962720e-04j     1.25882062047755e-08-6.39439278319668e-05j
     1.29898962564056e-08-6.49562963749126e-05j    -2.39455219320803e-09+1.20150873716889e-05j     2.34810708082006e-09-1.18979936180858e-05j    -3.44296870369792e-08+1.73591718962720e-04j    -3.44252840722798e-08+1.73583653659437e-04j     1.25678596087425e-08-6.39004675387190e-05j
    -4.78910442010207e-09+2.40301749139126e-05j     9.66969307482791e-10-4.71837797047300e-06j    -7.65754516324031e-10+4.08741190310511e-06j     1.25882062047755e-08-6.39439278319668e-05j     1.25678596087425e-08-6.39004675387190e-05j    -4.54907483220978e-09+2.34202388280696e-05j

 TD of CI 
    -1.14661314382615e-08+4.64234285540190e-05j    -2.98897782825910e-09+1.18683720809904e-05j     2.78455737864834e-09-1.13969997816922e-05j    -2.45381783643893e-08+9.84587917335696e-05j    -2.33584747102997e-08+9.45483355879296e-05j    -1.20512244003467e-08+4.83434706180028e-05j
    -2.98897782825910e-09+1.18683720809904e-05j    -7.48403971272278e-10+2.91369763180340e-06j     7.26405504718188e-10-2.91369763563645e-06j    -6.14647087770401e-09+2.41717352933197e-05j    -6.08839654602634e-09+2.41717352928844e-05j    -3.01836741136290e-09+1.18683720809904e-05j
     2.78455737864834e-09-1.13969997816922e-05j     7.26405504718188e-10-2.91369763563645e-06j    -6.76151001684089e-10+2.79797524805280e-06j     5.96282785432033e-09-2.41717353251184e-05j     5.67263637986790e-09-2.32117142920869e-05j     2.92847965373264e-09-1.18683720966036e-05j
    -2.45381783643893e-08+9.84587917335696e-05j    -6.14647087770401e-09+2.41717352933197e-05j     5.96282785432033e-09-2.41717353251184e-05j    -5.04743901016934e-08+2.00526225066357e-04j    -4.99831042340844e-08+2.00526225062746e-04j    -2.47866593704188e-08+9.84587917335696e-05j
    -2.33584747102997e-08+9.45483355879296e-05j    -6.08839654602634e-09+2.41717352928844e-05j     5.67263637986790e-09-2.32117142920869e-05j    -4.99831042340844e-08+2.00526225062746e-04j    -4.75852128652215e-08+1.92561989514535e-04j    -2.45477710188217e-08+9.84587917317964e-05j
    -1.20512244003467e-08+4.83434706180028e-05j    -3.01836741136290e-09+1.18683720809904e-05j     2.92847965373264e-09-1.18683720966036e-05j    -2.47866593704188e-08+9.84587917335696e-05j    -2.45477710188217e-08+9.84587917317964e-05j    -1.21720830768917e-08+4.83434706180028e-05j

 TD of CI 
    -4.83835078235402e-09+2.41717353216311e-05j     8.12882321985505e-10-3.72128316263788e-06j    -9.62110678994028e-10+5.24689290891932e-06j     1.28675957710263e-08-6.50484357566499e-05j     1.29021432593012e-08-6.51535181745435e-05j    -4.72495442690273e-09+2.41537041015757e-05j
     8.12882321985505e-10-3.72128316263788e-06j     2.37424936317620e-10-1.23311441738193e-06j     5.63548452257934e-10-2.87729553002605e-06j    -2.36389146500677e-09+1.17937312271765e-05j    -2.37084151298073e-09+1.20768520168070e-05j     9.37319679691954e-10-5.13846425112114e-06j
    -9.62110678994028e-10+5.24689290891932e-06j     5.63548452257934e-10-2.87729553002605e-06j     2.38577184362522e-10-1.23311440844404e-06j     2.35411291392200e-09-1.20768520847686e-05j     2.36389147336176e-09-1.17937312938175e-05j    -7.96667659605059e-10+3.61285455390024e-06j
     1.28675957710263e-08-6.50484357566499e-05j    -2.36389146500677e-09+1.17937312271765e-05j     2.35411291392200e-09-1.20768520847686e-05j    -3.41897943700049e-08+1.73269440463285e-04j    -3.43072315460644e-08+1.73288941521402e-04j     1.25588980067405e-08-6.35793274181070e-05j
     1.29021432593012e-08-6.51535181745435e-05j    -2.37084151298073e-09+1.20768520168070e-05j     2.36389147336176e-09-1.17937312938175e-05j    -3.43072315460644e-08+1.73288941521402e-04j    -3.44326639740854e-08+1.73269440444447e-04j     1.26155118027163e-08-6.34742449931595e-05j
    -4.72495442690273e-09+2.41537041015757e-05j     9.37319679691953e-10-5.13846425112114e-06j    -7.96667659605058e-10+3.61285455390024e-06j     1.25588980067405e-08-6.35793274181070e-05j     1.26155118027163e-08-6.34742449931595e-05j    -4.62287751018885e-09+2.30031897209606e-05j
printstep: 0
 NOevals (U) 
      7.99082307e-02     -1.06458215e-01     -6.94464775e-01      1.00210318e-01     -6.62149887e-01     -2.26970085e-01
     -4.03401105e-02      2.30702648e-01     -6.67194847e-01      2.09634223e-01      5.60300984e-01      3.76983156e-01
     -1.03426934e-01      6.89544769e-01     -1.17604768e-01     -6.57200534e-01     -1.00852111e-02     -2.60740764e-01
      2.23795795e-01      6.37993506e-01      2.07074208e-01      6.71126697e-01     -1.28945044e-01     -1.81554765e-01
      6.94922689e-01      1.14868014e-01      6.23521890e-02     -2.40926025e-01     -2.47902836e-01      6.16845876e-01
      6.69543216e-01     -1.99350379e-01     -1.09413477e-01     -7.51162412e-02      4.11626023e-01     -5.70018918e-01

 TD of global density matrix 
      1.30071193e-14     -2.51552339e-14     -1.93842284e-06      3.14228215e-07     -1.93842259e-06     -2.22533699e-13
     -2.51552339e-14      7.37484150e-14      4.08620301e-14     -1.98583386e-06      2.75319238e-13      2.43708850e-14
     -1.93842284e-06      4.08620301e-14      7.84851324e-06     -7.84851395e-07      6.34143014e-06     -1.90056344e-13
      3.14228215e-07     -1.98583386e-06     -7.84851395e-07     -1.26828607e-05     -4.72586995e-07     -2.41717368e-06
     -1.93842259e-06      2.75319238e-13      6.34143014e-06     -4.72586995e-07      4.83434698e-06     -2.50592004e-14
     -2.22533699e-13      2.43708850e-14     -1.90056344e-13     -2.41717368e-06     -2.50592004e-14      2.01664315e-14

 G 
     -7.51496750e-03      5.94290879e-10      1.52137345e-02     -3.02882626e-11      9.37100827e-03     -1.75650739e-09
      5.94290879e-10      2.69868712e-09     -8.48578540e-10     -9.48006737e-10      1.24572259e-09      6.89375980e-10
      1.52137345e-02     -8.48578540e-10     -3.07995776e-02      5.10784809e-10     -1.89712181e-02     -2.40974293e-11
     -3.02882625e-11     -9.48006738e-10      5.10784807e-10      4.99999977e-02     -8.53543153e-10     -7.62664448e-10
      9.37100827e-03      1.24572259e-09     -1.89712181e-02     -8.53543153e-10     -1.16854523e-02      5.97046048e-10
     -1.75650739e-09      6.89375980e-10     -2.40974293e-11     -7.62664448e-10      5.97046048e-10     -2.99245608e-09

 TD of NO evals (U dot) 
     -5.66387295e-07     -7.59565986e-07      6.47934136e-08     -8.91639761e-07     -2.41710610e-07      3.52869630e-07
     -2.18578068e-07     -6.23119100e-07     -2.02246449e-07      6.77266324e-07     -1.30124638e-07     -1.83215778e-07
      1.69779684e-06      3.10897475e-06      3.78815518e-07      3.50785533e-06      1.62176734e-07     -1.17500688e-06
     -2.21777617e-06     -4.11678896e-06     -5.33149566e-07      4.28621287e-06      2.41839805e-07     -1.44753727e-06
      1.26124488e-06      2.52926746e-06      4.32709021e-07      2.80322185e-06     -2.35575698e-08     -8.97573482e-07
     -2.69766572e-07     -7.69046323e-07     -2.49610049e-07      8.13244199e-07     -1.56250457e-07     -2.20000769e-07

 TD of mean field density matrix 
     -1.97435256e-14     -1.25851899e-08     -1.93842280e-06      1.63650754e-07     -1.93842270e-06     -2.46032160e-09
     -1.25851899e-08      1.01934608e-13      2.54782520e-08     -1.98583390e-06      1.56937864e-08     -3.70919827e-14
     -1.93842280e-06      2.54782520e-08      7.84851327e-06     -4.05659122e-07      6.34143027e-06      4.98025706e-09
      1.63650754e-07     -1.98583390e-06     -4.05659122e-07     -1.26828605e-05     -2.44444670e-07     -2.41717358e-06
     -1.93842270e-06      1.56937864e-08      6.34143027e-06     -2.44444670e-07      4.83434716e-06      3.06772026e-09
     -2.46032160e-09     -3.70919824e-14      4.98025706e-09     -2.41717358e-06      3.06772026e-09      4.49135517e-15

 TD of rotmat 
    0.0000-0.0000j    0.0000-0.0000j    0.0000-0.0000j    0.0000-0.0000j    0.0000-0.0000j    0.0000-0.0000j
    0.0000-0.0000j    0.0000-0.0000j    0.0000-0.0000j    0.0000-0.0000j    0.0000-0.0000j    0.0000-0.0000j
    0.0000-0.0000j    0.0000-0.0000j   -0.0000+0.0023j    0.0000-0.0217j   -0.0000-0.0217j    0.0000+0.0023j
    0.0000-0.0000j    0.0000-0.0000j   -0.0000+0.0352j    0.0000-0.0384j    0.0000+0.0384j   -0.0000-0.0352j
    0.0000-0.0000j    0.0000-0.0000j   -0.0000+0.0131j    0.0000+0.0039j   -0.0000+0.0039j    0.0000+0.0131j
    0.0000-0.0000j    0.0000-0.0000j   -0.0000-0.0105j    0.0000-0.0135j   -0.0000+0.0135j    0.0000+0.0105j

 TD of rotmat 
    0.0000-0.0000j    0.0000-0.0000j    0.0000+0.0000j    0.0000-0.0000j   -0.0000-0.0000j   -0.0000+0.0000j
    0.0000-0.0000j    0.0000-0.0000j   -0.0000+0.0000j   -0.0000-0.0000j   -0.0000+0.0000j   -0.0000-0.0000j
    0.0000-0.0000j    0.0000-0.0000j    0.0000-0.0000j    0.0000-0.0000j    0.0000-0.0000j    0.0000-0.0000j
    0.0000-0.0000j    0.0000-0.0000j    0.0000-0.0000j    0.0000-0.0000j    0.0000-0.0000j    0.0000-0.0000j
    0.0000-0.0000j    0.0000-0.0000j   -0.0000-0.0000j    0.0000-0.0000j   -0.0000-0.0000j    0.0000-0.0000j
    0.0000-0.0000j    0.0000-0.0000j    0.0000-0.0000j   -0.0000-0.0000j   -0.0000+0.0000j    0.0000+0.0000j

 TD of rotmat 
    0.0000-0.0000j    0.0000-0.0000j   -0.0000+0.0009j   -0.0000-0.0210j    0.0000-0.0210j    0.0000+0.0009j
    0.0000-0.0000j    0.0000-0.0000j    0.0000-0.0011j    0.0000+0.0060j    0.0000-0.0060j    0.0000+0.0011j
    0.0000-0.0000j    0.0000-0.0000j    0.0000+0.0007j   -0.0000+0.0271j    0.0000+0.0271j   -0.0000+0.0007j
    0.0000-0.0000j    0.0000-0.0000j   -0.0000+0.0122j   -0.0000+0.0359j   -0.0000-0.0359j   -0.0000-0.0122j
    0.0000-0.0000j    0.0000-0.0000j    0.0000-0.0000j    0.0000-0.0000j    0.0000-0.0000j    0.0000-0.0000j
    0.0000-0.0000j    0.0000-0.0000j    0.0000-0.0000j    0.0000-0.0000j    0.0000-0.0000j    0.0000-0.0000j

 TD of CI 
    -4.84569529907623e-09+2.41717343477831e-05j     7.91446907209024e-10-4.15714264929686e-06j    -9.96594249914247e-10+4.78810866887221e-06j     1.29692787868734e-08-6.49128335157833e-05j     1.29898962526103e-08-6.49562938007388e-05j    -4.78910441913120e-09+2.40301739613505e-05j
     7.91446907209024e-10-4.15714264929686e-06j     4.69402351711695e-11-2.64435014210596e-08j     3.73609706661871e-10-1.67355176186891e-06j    -2.34810706784555e-09+1.18979931543844e-05j    -2.39455221396157e-09+1.20150870658837e-05j     9.66969315192839e-10-4.71837783907550e-06j
    -9.96594249914247e-10+4.78810866887221e-06j     3.73609706661871e-10-1.67355176186891e-06j     4.69402364352321e-11-2.64435252984885e-08j     2.39455220516963e-09-1.20150868954668e-05j     2.34810705879536e-09-1.18979929825517e-05j    -7.65754508288445e-10+4.08741169014825e-06j
     1.29692787868734e-08-6.49128335157833e-05j    -2.34810706784555e-09+1.18979931543844e-05j     2.39455220516963e-09-1.20150868954668e-05j    -3.44252840735685e-08+1.73583646841096e-04j    -3.44296870389086e-08+1.73591712137895e-04j     1.25882062065924e-08-6.39439253330290e-05j
     1.29898962526103e-08-6.49562938007388e-05j    -2.39455221396157e-09+1.20150870658837e-05j     2.34810705879536e-09-1.18979929825517e-05j    -3.44296870389086e-08+1.73591712137895e-04j    -3.44252840698352e-08+1.73583646820844e-04j     1.25678596089244e-08-6.39004650403361e-05j
    -4.78910441913120e-09+2.40301739613505e-05j     9.66969315192839e-10-4.71837783907550e-06j    -7.65754508288445e-10+4.08741169014825e-06j     1.25882062065924e-08-6.39439253330290e-05j     1.25678596089244e-08-6.39004650403361e-05j    -4.54907483258080e-09+2.34202379249374e-05j

 TD of CI 
    -1.14661314419378e-08+4.64234257088581e-05j    -2.98897782350365e-09+1.18683713357462e-05j     2.78455738258026e-09-1.13969990903333e-05j    -2.45381783691501e-08+9.84587856135184e-05j    -2.33584747144900e-08+9.45483297926856e-05j    -1.20512243975573e-08+4.83434676126913e-05j
    -2.98897782350365e-09+1.18683713357462e-05j    -7.48403968689291e-10+2.91369744431137e-06j     7.26405504350036e-10-2.91369745448667e-06j    -6.14647086726925e-09+2.41717337529502e-05j    -6.08839653551812e-09+2.41717337750480e-05j    -3.01836740498433e-09+1.18683713246469e-05j
     2.78455738258026e-09-1.13969990903333e-05j     7.26405504350036e-10-2.91369745448667e-06j    -6.76151003383480e-10+2.79797508007424e-06j     5.96282786203921e-09-2.41717338376433e-05j     5.67263638706831e-09-2.32117128838713e-05j     2.92847965626489e-09-1.18683713661631e-05j
    -2.45381783691501e-08+9.84587856135183e-05j    -6.14647086726924e-09+2.41717337529502e-05j     5.96282786203920e-09-2.41717338376433e-05j    -5.04743901056592e-08+2.00526212412445e-04j    -4.99831042369625e-08+2.00526212598041e-04j    -2.47866593619587e-08+9.84587855203110e-05j
    -2.33584747144900e-08+9.45483297926856e-05j    -6.08839653551812e-09+2.41717337750480e-05j     5.67263638706831e-09-2.32117128838713e-05j    -4.99831042369625e-08+2.00526212598041e-04j    -4.75852128670404e-08+1.92561977710339e-04j    -2.45477710097931e-08+9.84587856108834e-05j
    -1.20512243975573e-08+4.83434676126913e-05j    -3.01836740498433e-09+1.18683713246469e-05j     2.92847965626489e-09-1.18683713661631e-05j    -2.47866593619587e-08+9.84587855203109e-05j    -2.45477710097931e-08+9.84587856108834e-05j    -1.21720830676277e-08+4.83434675672020e-05j

 TD of CI 
    -4.83835078379244e-09+2.41717343509827e-05j     8.12882324459504e-10-3.72128302682235e-06j    -9.62110676369430e-10+5.24689268997928e-06j     1.28675957741748e-08-6.50484331905237e-05j     1.29021432608769e-08-6.51535155906451e-05j    -4.72495442604368e-09+2.41537031604052e-05j
     8.12882324459504e-10-3.72128302682235e-06j     2.37424935086405e-10-1.23311435574920e-06j     5.63548451771686e-10-2.87729541308992e-06j    -2.36389147101421e-09+1.17937308285581e-05j    -2.37084151869675e-09+1.20768516093075e-05j     9.37319681591739e-10-5.13846408934028e-06j
    -9.62110676369430e-10+5.24689268997928e-06j     5.63548451771686e-10-2.87729541308992e-06j     2.38577184914692e-10-1.23311436501352e-06j     2.35411290734693e-09-1.20768515510977e-05j     2.36389146650150e-09-1.17937307641613e-05j    -7.96667656762194e-10+3.61285437636258e-06j
     1.28675957741748e-08-6.50484331905237e-05j    -2.36389147101421e-09+1.17937308285581e-05j     2.35411290734693e-09-1.20768515510977e-05j    -3.41897943772601e-08+1.73269433716233e-04j    -3.43072315491099e-08+1.73288934737621e-04j     1.25588980040854e-08-6.35793249605635e-05j
     1.29021432608769e-08-6.51535155906451e-05j    -2.37084151869675e-09+1.20768516093075e-05j     2.36389146650150e-09-1.17937307641613e-05j    -3.43072315491099e-08+1.73288934737621e-04j    -3.44326639728862e-08+1.73269433627227e-04j     1.26155117984856e-08-6.34742425274152e-05j
    -4.72495442604368e-09+2.41537031604052e-05j     9.37319681591739e-10-5.13846408934028e-06j    -7.96667656762195e-10+3.61285437636258e-06j     1.25588980040854e-08-6.35793249605635e-05j     1.26155117984856e-08-6.34742425274152e-05j    -4.62287750719660e-09+2.30031888340431e-05j
printstep: 0
 NOevals (U) 
      7.99082307e-02     -1.06458215e-01     -6.94464775e-01      1.00210318e-01     -6.62149887e-01     -2.26970085e-01
     -4.03401106e-02      2.30702648e-01     -6.67194847e-01      2.09634223e-01      5.60300984e-01      3.76983156e-01
     -1.03426934e-01      6.89544769e-01     -1.17604768e-01     -6.57200534e-01     -1.00852111e-02     -2.60740764e-01
      2.23795795e-01      6.37993506e-01      2.07074208e-01      6.71126697e-01     -1.28945044e-01     -1.81554765e-01
      6.94922689e-01      1.14868014e-01      6.23521890e-02     -2.40926025e-01     -2.47902836e-01      6.16845876e-01
      6.69543216e-01     -1.99350379e-01     -1.09413477e-01     -7.51162412e-02      4.11626023e-01     -5.70018918e-01

 TD of global density matrix 
     -6.63000470e-15      4.89338044e-14     -3.87684499e-06      6.28457179e-07     -3.87684536e-06      4.45003245e-13
      4.89338044e-14      3.05892464e-14     -8.34586706e-14     -3.97166760e-06     -5.20236260e-13     -6.45963398e-15
     -3.87684499e-06     -8.34586706e-14      1.56970258e-05     -1.56970240e-06      1.26828596e-05      3.78182622e-13
      6.28457179e-07     -3.97166760e-06     -1.56970240e-06     -2.53657189e-05     -9.45174091e-07     -4.83434654e-06
     -3.87684536e-06     -5.20236260e-13      1.26828596e-05     -9.45174091e-07      9.66869375e-06      4.66308379e-14
      4.45003245e-13     -6.45963398e-15      3.78182622e-13     -4.83434654e-06      4.66308379e-14      3.21818310e-14

 G 
     -7.51496495e-03     -4.63270654e-13      1.52137357e-02      8.23249759e-12      9.37100780e-03     -3.88291677e-12
     -4.63270036e-13     -7.88696138e-11      1.43196079e-12     -5.02034116e-10      3.34648972e-12     -9.60026533e-11
      1.52137357e-02      1.43195931e-12     -3.07995782e-02     -4.93489565e-11     -1.89712172e-02      2.87159739e-12
      8.23249969e-12     -5.02034114e-10     -4.93489527e-11      4.99999981e-02     -4.44549304e-11     -5.56829917e-10
      9.37100780e-03      3.34649068e-12     -1.89712172e-02     -4.44549282e-11     -1.16854548e-02      2.62151251e-12
     -3.88291682e-12     -9.60026534e-11      2.87159847e-12     -5.56829918e-10      2.62151287e-12     -1.16854787e-10

 TD of NO evals (U dot) 
     -1.13277419e-06     -1.51913165e-06      1.29586808e-07     -1.78327954e-06     -4.83421309e-07      7.05739562e-07
     -4.37156474e-07     -1.24623836e-06     -4.04492823e-07      1.35453240e-06     -2.60249372e-07     -3.66431081e-07
      3.39559362e-06      6.21794917e-06      7.57630987e-07      7.01571010e-06      3.24353491e-07     -2.35001325e-06
     -4.43555203e-06     -8.23357722e-06     -1.06629928e-06      8.57242520e-06      4.83679809e-07     -2.89507410e-06
      2.52248955e-06      5.05853434e-06      8.65418419e-07      5.60644343e-06     -4.71148247e-08     -1.79514662e-06
     -5.39533093e-07     -1.53809234e-06     -4.99220432e-07      1.62648837e-06     -3.12500674e-07     -4.40001343e-07

 TD of mean field density matrix 
      5.48887925e-15     -2.51703634e-08     -3.87684509e-06      3.27302187e-07     -3.87684521e-06     -4.91982185e-09
     -2.51703634e-08     -8.96861483e-14      5.09562502e-08     -3.97166765e-06      3.13863214e-08      1.05650068e-13
     -3.87684509e-06      5.09562502e-08      1.56970256e-05     -8.11317775e-07      1.26828595e-05      9.96106620e-09
      3.27302187e-07     -3.97166765e-06     -8.11317775e-07     -2.53657191e-05     -4.88889461e-07     -4.83434672e-06
     -3.87684521e-06      3.13863214e-08      1.26828595e-05     -4.88889461e-07      9.66869354e-06      6.13540134e-09
     -4.91982185e-09      1.05650068e-13      9.96106620e-09     -4.83434672e-06      6.13540134e-09      5.12880645e-14

 TD of rotmat 
    0.0000-0.0000j    0.0000-0.0000j    0.0000-0.0000j    0.0000-0.0000j    0.0000-0.0000j    0.0000-0.0000j
    0.0000-0.0000j    0.0000-0.0000j    0.0000-0.0000j    0.0000-0.0000j    0.0000-0.0000j    0.0000-0.0000j
    0.0000-0.0000j    0.0000-0.0000j   -0.0000+0.0023j    0.0000-0.0217j   -0.0000-0.0217j    0.0000+0.0023j
    0.0000-0.0000j    0.0000-0.0000j   -0.0000+0.0352j    0.0000-0.0384j    0.0000+0.0384j   -0.0000-0.0352j
    0.0000-0.0000j    0.0000-0.0000j   -0.0000+0.0131j    0.0000+0.0039j   -0.0000+0.0039j    0.0000+0.0131j
    0.0000-0.0000j    0.0000-0.0000j   -0.0000-0.0105j    0.0000-0.0135j   -0.0000+0.0135j    0.0000+0.0105j

 TD of rotmat 
    0.0000-0.0000j    0.0000-0.0000j    0.0000+0.0000j    0.0000-0.0000j   -0.0000-0.0000j   -0.0000+0.0000j
    0.0000-0.0000j    0.0000-0.0000j   -0.0000-0.0000j   -0.0000+0.0000j   -0.0000-0.0000j   -0.0000+0.0000j
    0.0000-0.0000j    0.0000-0.0000j    0.0000-0.0000j    0.0000-0.0000j    0.0000-0.0000j    0.0000-0.0000j
    0.0000-0.0000j    0.0000-0.0000j    0.0000-0.0000j    0.0000-0.0000j    0.0000-0.0000j    0.0000-0.0000j
    0.0000-0.0000j    0.0000-0.0000j   -0.0000-0.0000j    0.0000-0.0000j   -0.0000-0.0000j    0.0000-0.0000j
    0.0000-0.0000j    0.0000-0.0000j    0.0000+0.0000j   -0.0000+0.0000j   -0.0000-0.0000j    0.0000-0.0000j

 TD of rotmat 
    0.0000-0.0000j    0.0000-0.0000j   -0.0000+0.0009j   -0.0000-0.0210j    0.0000-0.0210j    0.0000+0.0009j
    0.0000-0.0000j    0.0000-0.0000j    0.0000-0.0011j    0.0000+0.0060j    0.0000-0.0060j    0.0000+0.0011j
    0.0000-0.0000j    0.0000-0.0000j    0.0000+0.0007j   -0.0000+0.0271j    0.0000+0.0271j   -0.0000+0.0007j
    0.0000-0.0000j    0.0000-0.0000j   -0.0000+0.0122j   -0.0000+0.0359j   -0.0000-0.0359j   -0.0000-0.0122j
    0.0000-0.0000j    0.0000-0.0000j    0.0000-0.0000j    0.0000-0.0000j    0.0000-0.0000j    0.0000-0.0000j
    0.0000-0.0000j    0.0000-0.0000j    0.0000-0.0000j    0.0000-0.0000j    0.0000-0.0000j    0.0000-0.0000j

 TD of CI 
    -9.69139022128141e-09+2.41717333715816e-05j     1.58289376104015e-09-4.15714246259259e-06j    -1.99318841476871e-09+4.78810849767868e-06j     2.59385565582798e-08-6.49128309205580e-05j     2.59797914841275e-08-6.49562911991093e-05j    -9.57820846428630e-09+2.40301730089525e-05j
     1.58289376104016e-09-4.15714246259259e-06j     9.38804642738824e-11-2.64435001010758e-08j     7.47219384527628e-10-1.67355168413161e-06j    -4.69621397054252e-09+1.18979926051244e-05j    -4.78910425688497e-09+1.20150865043580e-05j     1.93393856051559e-09-4.71837761482369e-06j
    -1.99318841476871e-09+4.78810849767868e-06j     7.47219384527628e-10-1.67355168413161e-06j     9.38804714513606e-11-2.64435006428769e-08j     4.78910420740132e-09-1.20150865045944e-05j     4.69621391965708e-09-1.18979926039883e-05j    -1.53150895306622e-09+4.08741157431184e-06j
     2.59385565582798e-08-6.49128309205580e-05j    -4.69621397054252e-09+1.18979926051244e-05j     4.78910420740132e-09-1.20150865045944e-05j    -6.88505654436532e-08+1.73583640016677e-04j    -6.88593713671327e-08+1.73591705312257e-04j     2.51764114319207e-08-6.39439228611321e-05j
     2.59797914841275e-08-6.49562911991093e-05j    -4.78910425688497e-09+1.20150865043580e-05j     4.69621391965708e-09-1.18979926039883e-05j    -6.88593713671327e-08+1.73591705312257e-04j    -6.88505654236754e-08+1.73583639997231e-04j     2.51357182374022e-08-6.39004625748911e-05j
